#--------------------------------------
#Start time: 5.38.55.203
#End time: 5.39.31.194
#Calculated best PEEP: -1.0000#Algorithm used for best PEEP calculation: Finding best PEEP around descending minimum stiffness
#Values ascending: 
#PEEP:  24.0500
#Stiffness:  20.5782
#Values descending: 
#PEEP: 
#Stiffness: 
#--------------------------------------
#Raw data of breath cycles used in calculation: 
BS, S:3556,
-1.20, 24.90
46.11, 25.68
45.77, 28.33
44.64, 30.76
43.85, 31.77
42.24, 32.04
41.78, 31.86
41.29, 32.16
40.68, 32.35
39.19, 32.54
38.43, 32.97
38.20, 32.95
37.09, 33.30
36.01, 33.41
34.83, 33.47
34.17, 33.55
33.40, 33.55
32.09, 33.65
31.77, 33.66
30.59, 33.74
29.73, 33.68
29.50, 33.88
28.17, 33.99
27.14, 34.08
26.34, 34.23
25.86, 34.38
24.55, 34.41
24.00, 34.57
22.74, 34.64
22.24, 34.73
21.58, 34.66
20.32, 34.75
19.41, 34.90
18.79, 34.98
17.70, 35.08
16.84, 35.00
16.03, 34.93
15.49, 34.98
14.34, 35.15
13.54, 35.23
12.54, 35.25
11.98, 35.24
10.94, 35.33
10.01, 35.33
9.25, 35.25
8.34, 35.25
7.47, 35.17
6.71, 34.94
5.70, 34.92
4.66, 34.75
-21.48, 34.67
-38.86, 33.35
-45.61, 30.44
-39.78, 27.96
-38.61, 27.70
-39.23, 27.42
-39.28, 27.38
-38.32, 26.97
-35.24, 26.84
-35.26, 26.64
-33.92, 26.60
-32.77, 26.43
-32.97, 26.49
-32.18, 26.47
-30.13, 26.23
-28.36, 26.02
-28.02, 26.07
-26.46, 26.02
-27.34, 26.05
-25.00, 25.90
-23.92, 25.94
-23.63, 25.93
-23.78, 25.93
-21.61, 25.79
-21.31, 25.78
-19.59, 25.73
-18.99, 25.64
-17.81, 25.53
-17.78, 25.51
-15.50, 25.45
-15.84, 25.46
-14.06, 25.34
-13.64, 25.41
-12.84, 25.32
-13.67, 25.41
-12.05, 25.30
-13.03, 25.46
-12.32, 25.45
-12.28, 25.38
-11.56, 25.36
-12.28, 25.29
-10.68, 25.18
-10.83, 25.26
-9.79, 25.16
-9.43, 25.15
-9.10, 25.29
-9.85, 25.25
-8.76, 25.06
-8.23, 25.03
-7.24, 25.08
-6.97, 25.16
-6.73, 25.17
-6.83, 25.17
-6.71, 25.10
-6.70, 25.09
-6.91, 25.09
-6.17, 24.99
-5.63, 24.99
-5.68, 25.00
-5.07, 24.97
-4.30, 24.87
-3.93, 24.86
-3.58, 24.86
-3.10, 24.77
-2.87, 24.76
-2.72, 24.76
-2.60, 24.75
-2.61, 24.83
-2.61, 24.91
-2.66, 24.92
-2.68, 24.94
-2.70, 25.01
-2.70, 25.00
-2.70, 25.00
-2.79, 24.95
-2.67, 24.93
-2.68, 24.92
-2.71, 24.92
-2.77, 24.94
-3.06, 25.09
-3.37, 24.96
-3.15, 24.72
-2.64, 24.74
-2.49, 24.77
-2.53, 24.99
-2.55, 25.01
-2.61, 25.01
-2.53, 24.93
-2.56, 24.84
-2.50, 24.77
-2.50, 24.69
-2.52, 24.84
-2.67, 24.76
-2.49, 24.66
-1.68, 24.66
-0.94, 24.71
-0.66, 24.66
-0.55, 24.64
-0.12, 24.63
-0.00, 24.55
BE
BS, S:3557,
0.07, 24.71
45.75, 25.49
45.31, 28.07
44.20, 30.53
43.93, 31.61
42.91, 32.02
42.13, 31.92
40.96, 32.22
39.62, 32.31
39.68, 32.49
38.52, 32.93
37.60, 32.91
36.91, 33.05
35.50, 33.09
35.20, 33.37
34.09, 33.57
33.13, 33.71
32.37, 33.82
31.60, 33.99
30.77, 34.14
30.24, 34.23
29.09, 34.32
28.14, 34.32
27.61, 34.34
26.61, 34.41
25.47, 34.41
24.84, 34.32
23.84, 34.48
23.25, 34.50
22.41, 34.55
21.00, 34.58
20.34, 34.58
19.45, 34.74
18.54, 34.83
17.78, 34.91
17.04, 35.06
15.94, 35.08
15.29, 35.14
14.35, 35.17
13.50, 35.08
12.56, 35.08
12.08, 35.15
10.91, 35.24
10.14, 35.26
9.23, 35.18
8.24, 35.08
7.41, 35.07
6.63, 35.09
5.77, 35.24
4.87, 35.25
-24.17, 35.18
-42.76, 33.80
-48.15, 30.71
-40.54, 28.02
-39.43, 27.73
-40.05, 27.37
-38.99, 27.40
-38.26, 26.89
-36.86, 26.89
-35.14, 26.62
-33.22, 26.60
-32.48, 26.48
-31.91, 26.38
-29.47, 26.29
-30.54, 26.32
-29.23, 26.12
-27.60, 26.05
-27.08, 26.05
-25.68, 26.00
-24.99, 25.98
-24.00, 25.94
-24.01, 25.94
-23.85, 25.85
-23.19, 25.84
-20.99, 25.70
-19.96, 25.74
-18.92, 25.71
-19.82, 25.81
-18.73, 25.71
-18.90, 25.56
-16.81, 25.49
-15.46, 25.53
-14.95, 25.52
-15.67, 25.54
-14.64, 25.44
-14.85, 25.50
-13.80, 25.41
-13.42, 25.32
-12.33, 25.29
-12.60, 25.37
-11.40, 25.36
-11.56, 25.28
-10.18, 25.16
-9.32, 25.06
-8.53, 25.12
-8.97, 25.06
-7.17, 25.08
-7.20, 25.10
-6.26, 25.08
-6.60, 25.08
-6.18, 25.16
-6.70, 25.17
-6.14, 25.16
-6.78, 25.17
-6.26, 25.01
-6.33, 25.00
-5.56, 25.06
-6.18, 25.15
-5.69, 25.23
-6.15, 25.10
-5.58, 24.98
-4.67, 24.95
-4.17, 24.95
-4.20, 25.02
-4.10, 25.04
-4.20, 25.04
-4.33, 24.96
-4.16, 25.04
-4.20, 24.89
-4.12, 24.86
-4.07, 24.87
-3.93, 24.86
-3.51, 24.70
-2.86, 24.68
-2.33, 24.68
-1.50, 24.73
-1.37, 24.74
-1.05, 24.73
-1.09, 24.74
-1.04, 24.73
-1.07, 24.82
-1.03, 24.90
-1.15, 24.98
-1.08, 24.98
-1.19, 24.97
-1.21, 24.98
-1.35, 24.99
-1.52, 24.99
-1.63, 24.99
-1.67, 24.99
-1.61, 24.99
-1.69, 24.91
-1.63, 24.98
-1.70, 25.07
-2.13, 25.09
-2.25, 24.94
-1.88, 24.74
-1.40, 24.80
-1.43, 24.89
-1.45, 25.05
BE
BS, S:3558,
-1.66, 24.94
46.71, 25.72
45.21, 28.30
45.00, 30.68
43.03, 31.75
42.94, 32.17
42.19, 32.00
41.08, 32.31
40.51, 32.34
38.80, 32.56
38.40, 32.76
37.67, 32.82
37.08, 32.96
36.05, 33.14
35.12, 33.30
34.31, 33.32
32.91, 33.48
32.72, 33.71
31.82, 33.81
30.75, 33.99
30.20, 34.08
29.04, 34.23
28.52, 34.31
26.60, 34.49
26.21, 34.50
25.50, 34.56
24.48, 34.57
24.03, 34.66
22.96, 34.89
22.21, 34.91
21.22, 34.83
20.48, 34.83
19.64, 34.91
18.74, 35.06
17.82, 35.09
17.16, 35.32
16.11, 35.33
15.07, 35.33
14.40, 35.32
13.84, 35.32
12.78, 35.33
11.66, 35.27
10.83, 35.16
10.15, 35.02
9.15, 35.08
8.44, 34.92
7.53, 34.90
6.71, 34.83
5.83, 34.81
4.99, 34.83
-23.59, 34.76
-39.47, 33.45
-46.97, 30.52
-39.25, 27.98
-40.20, 27.70
-38.42, 27.26
-38.08, 27.31
-39.23, 26.90
-35.98, 26.92
-35.27, 26.71
-33.73, 26.76
-33.24, 26.53
-32.20, 26.47
-32.85, 26.33
-30.02, 26.22
-28.93, 26.19
-28.21, 26.16
-27.02, 26.05
-26.00, 26.01
-26.19, 25.86
-25.25, 25.91
-24.34, 25.86
-22.57, 25.83
-21.68, 25.79
-21.16, 25.78
-19.54, 25.72
-19.67, 25.66
-17.73, 25.52
-17.71, 25.52
-16.04, 25.39
-15.17, 25.53
-14.45, 25.51
-15.26, 25.53
-14.32, 25.50
-14.04, 25.43
-13.88, 25.41
-13.29, 25.39
-12.28, 25.30
-12.29, 25.30
-11.98, 25.36
-11.59, 25.37
-11.77, 25.29
-11.17, 25.27
-10.15, 25.15
-9.32, 25.07
-9.67, 25.22
-8.85, 25.06
-8.88, 25.13
-8.34, 25.20
-8.29, 25.05
-7.92, 25.10
-7.59, 25.17
-7.16, 25.10
-7.03, 25.02
-6.57, 25.07
-5.65, 24.98
-4.97, 24.97
-4.93, 24.90
-4.46, 24.96
-4.04, 24.87
-3.75, 24.85
-3.55, 24.86
-3.52, 24.87
-3.64, 25.01
-3.65, 25.18
-4.04, 25.20
-4.29, 25.12
-4.01, 24.87
-3.40, 24.77
-3.23, 24.84
-3.23, 24.93
-3.13, 25.01
-3.20, 24.95
-3.14, 25.02
-3.27, 24.87
-3.05, 24.85
-3.05, 24.77
-2.89, 24.76
-2.66, 24.76
-2.28, 24.66
-1.41, 24.73
-1.04, 24.68
-1.03, 24.73
-0.89, 24.73
-0.87, 24.66
-0.82, 24.89
-0.93, 24.90
-0.93, 24.91
-1.06, 24.90
-1.00, 24.90
-0.95, 24.98
-1.08, 24.90
-1.08, 24.90
-1.07, 24.97
-1.40, 24.99
-2.12, 25.08
-2.32, 25.00
-2.37, 24.75
-1.59, 24.74
-1.39, 24.90
BE
BS, S:3559,
-1.40, 24.99
45.72, 25.78
45.74, 28.37
44.41, 30.81
43.41, 31.86
42.79, 32.22
41.90, 32.04
41.39, 32.34
40.59, 32.46
39.87, 32.58
38.65, 32.81
37.97, 32.74
37.14, 33.03
36.19, 33.06
35.19, 33.22
34.59, 33.32
33.19, 33.49
32.37, 33.72
31.40, 33.74
30.61, 33.97
29.88, 34.07
29.01, 34.07
28.41, 34.23
27.70, 34.24
26.72, 34.47
25.39, 34.50
25.03, 34.57
23.84, 34.66
23.36, 34.75
22.00, 34.81
21.78, 34.75
20.45, 34.89
19.49, 35.15
18.77, 35.15
18.22, 35.08
17.18, 35.00
16.19, 35.06
15.03, 35.16
14.61, 35.24
13.45, 35.32
12.44, 35.33
11.70, 35.33
10.90, 35.33
10.13, 35.33
9.08, 35.34
8.31, 35.27
7.56, 35.25
6.72, 35.08
5.71, 34.92
5.05, 34.69
-21.91, 34.62
-38.89, 33.30
-45.67, 30.41
-38.54, 27.94
-39.27, 27.65
-38.30, 27.24
-38.44, 27.31
-37.74, 26.93
-35.66, 26.86
-34.74, 26.68
-34.25, 26.70
-32.67, 26.50
-31.99, 26.46
-30.81, 26.18
-29.49, 26.20
-29.19, 26.19
-28.26, 26.16
-27.21, 26.12
-25.73, 25.92
-25.99, 25.92
-24.18, 25.88
-23.49, 25.92
-22.02, 25.88
-22.11, 25.81
-21.02, 25.77
-20.79, 25.76
-19.35, 25.73
-19.02, 25.71
-18.15, 25.60
-17.55, 25.51
-15.57, 25.46
-14.84, 25.38
-15.13, 25.44
-13.21, 25.40
-12.68, 25.23
-11.67, 25.36
-11.55, 25.35
-10.86, 25.33
-11.38, 25.21
-10.91, 25.34
-10.47, 25.26
-10.88, 25.25
-9.96, 25.24
-9.93, 25.17
-9.58, 25.23
-10.43, 25.24
-9.04, 25.22
-9.39, 25.14
-8.68, 25.12
-8.12, 25.03
-7.23, 25.09
-7.10, 25.18
-6.65, 25.16
-7.08, 25.18
-6.65, 24.93
-5.30, 24.98
-4.94, 24.97
-5.15, 25.06
-5.00, 24.98
-4.94, 24.98
-5.06, 25.04
-4.74, 24.90
-4.63, 24.96
-4.32, 24.96
-4.31, 24.94
-4.24, 24.95
-4.11, 24.87
-3.39, 24.86
-2.81, 24.77
-2.62, 24.75
-2.47, 24.69
-1.89, 24.73
-1.39, 24.82
-1.31, 24.82
-1.34, 24.82
-1.23, 24.82
-1.24, 24.90
-1.24, 24.90
-1.19, 24.97
-1.37, 24.98
-1.39, 24.99
-1.38, 25.05
-1.58, 25.07
-1.77, 25.06
-1.78, 25.08
-1.93, 25.06
-1.89, 24.99
-1.84, 24.83
-1.81, 24.98
-1.93, 25.08
-2.11, 25.02
-2.19, 24.94
-1.98, 24.75
-1.29, 24.74
-1.30, 24.81
-1.29, 24.98
-1.36, 25.00
-1.40, 24.97
-1.46, 24.77
-1.36, 24.82
BE
BS, S:3560,
-1.32, 24.82
46.40, 25.57
45.10, 28.17
44.60, 30.60
43.74, 31.64
43.25, 31.92
41.57, 31.77
40.88, 32.04
41.03, 32.13
40.10, 32.24
38.38, 32.56
37.36, 32.55
36.38, 32.88
36.09, 32.98
35.14, 33.30
34.03, 33.56
33.31, 33.65
32.70, 33.84
31.64, 33.84
31.10, 34.05
29.69, 34.07
29.04, 34.08
28.29, 34.29
27.80, 34.31
26.12, 34.33
25.35, 34.33
24.39, 34.33
23.38, 34.49
22.90, 34.58
21.89, 34.81
20.83, 34.84
20.37, 34.91
19.59, 35.06
18.56, 35.08
17.43, 35.06
16.90, 35.17
16.16, 35.01
15.44, 35.07
14.24, 34.93
13.60, 34.78
12.73, 34.76
11.79, 34.83
10.86, 34.68
10.02, 34.76
9.23, 34.90
8.53, 34.91
7.68, 34.91
6.66, 34.77
5.65, 34.83
5.02, 34.62
-23.32, 34.55
-38.86, 33.32
-46.76, 30.44
-39.82, 27.94
-40.97, 27.70
-38.22, 27.26
-39.41, 27.30
-37.21, 26.84
-35.19, 26.97
-34.81, 26.71
-35.50, 26.74
-32.88, 26.51
-33.07, 26.42
-30.57, 26.33
-30.75, 26.25
-28.49, 26.10
-28.01, 26.07
-25.81, 26.00
-25.18, 25.90
-25.32, 25.91
-22.72, 25.82
-22.90, 25.90
-21.59, 25.79
-21.67, 25.79
-19.50, 25.72
-19.73, 25.73
-18.36, 25.70
-18.42, 25.70
-18.02, 25.69
-17.93, 25.53
-17.05, 25.50
-15.85, 25.52
-15.70, 25.45
-13.84, 25.34
-13.10, 25.40
-13.14, 25.39
-12.54, 25.31
-11.98, 25.36
-12.46, 25.37
-11.29, 25.34
-11.03, 25.26
-10.44, 25.25
-10.05, 25.16
-8.95, 25.13
-8.83, 25.06
-8.39, 25.12
-7.41, 25.03
-6.75, 25.09
-6.16, 24.93
-5.83, 25.06
-5.64, 24.98
-5.62, 25.12
-5.50, 25.23
-5.90, 25.32
-5.49, 25.16
-5.35, 24.99
-4.84, 24.88
-4.96, 24.97
-4.82, 25.04
-4.95, 25.06
-4.95, 25.04
-4.84, 25.04
-4.62, 24.95
-4.36, 24.87
-4.04, 24.86
-3.93, 24.79
-3.50, 24.86
-3.05, 24.70
-2.75, 24.76
-2.69, 24.76
-2.60, 24.76
-2.56, 24.74
-2.55, 24.83
-2.48, 24.84
-2.49, 24.84
-2.49, 24.84
-2.46, 24.76
-2.49, 24.74
-2.39, 24.84
-2.42, 24.99
-2.68, 25.09
-2.90, 24.95
-2.84, 24.70
-2.09, 24.73
-1.69, 24.82
-1.62, 24.98
-1.62, 24.91
-1.58, 24.90
-1.63, 24.84
-1.55, 24.82
-1.63, 24.83
-1.55, 24.74
-1.59, 24.91
-1.49, 24.75
-1.38, 24.67
-0.77, 24.65
-0.42, 24.64
-0.07, 24.62
0.20, 24.56
0.46, 24.62
BE
BS, S:3561,
0.50, 24.56
46.62, 25.32
45.19, 27.85
44.35, 30.34
43.87, 31.48
42.11, 32.05
41.83, 31.93
41.47, 32.30
39.81, 32.41
39.14, 32.40
38.67, 32.86
37.65, 32.82
36.93, 33.12
35.82, 33.32
35.14, 33.54
34.03, 33.56
33.98, 33.56
32.65, 33.73
32.03, 33.73
30.54, 33.91
29.72, 34.15
29.16, 34.31
28.08, 34.49
27.51, 34.41
26.53, 34.56
26.09, 34.63
24.12, 34.65
24.16, 34.66
23.31, 34.66
22.21, 34.66
21.27, 34.60
21.04, 34.58
19.52, 34.51
18.68, 34.65
17.95, 34.66
17.17, 34.82
16.18, 34.82
15.41, 34.89
14.33, 34.83
13.45, 34.91
12.71, 34.97
11.91, 34.93
10.92, 35.00
10.10, 35.06
9.27, 35.00
8.40, 35.00
7.36, 34.92
6.59, 34.84
5.77, 34.99
4.80, 35.07
-23.63, 35.00
-39.28, 33.60
-46.99, 30.53
-38.91, 27.97
-39.47, 27.72
-40.13, 27.39
-39.20, 27.37
-37.82, 26.91
-37.56, 26.97
-35.79, 26.71
-34.94, 26.72
-34.05, 26.63
-31.64, 26.44
-30.15, 26.31
-29.60, 26.21
-28.97, 26.18
-26.54, 26.02
-26.72, 26.03
-25.24, 25.90
-23.29, 25.92
-22.84, 25.83
-23.15, 25.77
-21.45, 25.78
-21.34, 25.86
-19.74, 25.74
-18.77, 25.71
-19.52, 25.73
-18.36, 25.69
-17.97, 25.60
-17.92, 25.60
-16.92, 25.50
-15.94, 25.55
-15.03, 25.53
-15.21, 25.45
-13.76, 25.34
-14.20, 25.35
-13.18, 25.48
-13.13, 25.33
-12.42, 25.16
-11.45, 25.12
-10.36, 25.32
-10.08, 25.24
-10.60, 25.26
-9.92, 25.23
-9.75, 25.23
-9.32, 25.21
-9.29, 25.14
-8.12, 25.11
-8.43, 25.12
-7.57, 25.04
-6.98, 25.09
-6.21, 24.98
-6.11, 24.99
-4.71, 24.89
-4.96, 24.97
-4.34, 24.88
-4.13, 24.86
-3.85, 24.87
-3.88, 24.87
-3.71, 24.88
-3.92, 25.03
-3.77, 25.02
-3.76, 25.03
-3.68, 25.03
-3.80, 25.02
-3.68, 24.96
-3.83, 25.11
-3.62, 25.04
-3.73, 25.04
-3.70, 25.02
-3.79, 24.95
-3.58, 24.86
-3.67, 24.85
-3.62, 25.01
-3.71, 25.10
-3.58, 24.96
-3.38, 24.77
-2.52, 24.69
-2.54, 24.77
-2.50, 24.84
-2.57, 24.93
-2.55, 24.91
-2.55, 24.85
-2.49, 24.77
-2.39, 24.74
-2.48, 24.76
-2.41, 24.83
-2.46, 24.76
-2.12, 24.67
-1.12, 24.59
-0.73, 24.64
-0.56, 24.64
-0.28, 24.63
0.10, 24.63
0.20, 24.63
0.21, 24.71
0.22, 24.78
0.18, 24.86
0.10, 24.88
0.10, 24.88
BE
BS, S:3562,
-0.11, 24.88
45.92, 25.64
45.58, 28.18
44.65, 30.66
43.88, 31.75
43.08, 32.18
41.55, 32.07
41.13, 32.35
40.21, 32.46
38.92, 32.66
37.68, 32.92
37.71, 32.90
36.79, 33.21
36.18, 33.22
35.27, 33.48
34.08, 33.65
33.38, 33.82
32.34, 33.99
31.63, 33.99
30.76, 34.14
29.43, 34.24
28.59, 34.26
28.16, 34.41
27.27, 34.41
26.75, 34.35
25.57, 34.49
25.31, 34.48
23.96, 34.57
23.45, 34.58
22.01, 34.57
21.60, 34.81
20.35, 34.81
19.58, 34.76
18.92, 34.91
18.06, 34.91
16.86, 34.91
16.02, 35.08
15.32, 35.16
14.44, 35.17
13.51, 35.03
12.85, 35.00
11.83, 35.00
10.93, 35.07
10.26, 35.14
9.16, 35.17
8.33, 35.25
7.70, 35.11
6.67, 35.17
5.72, 35.16
4.99, 35.06
-24.27, 34.97
-39.16, 33.56
-46.59, 30.53
-37.82, 27.92
-39.13, 27.71
-37.91, 27.30
-39.61, 27.35
-36.99, 26.93
-35.56, 26.93
-34.54, 26.71
-33.71, 26.68
-32.38, 26.49
-31.70, 26.45
-31.08, 26.35
-30.32, 26.32
-29.69, 26.22
-27.96, 26.07
-26.02, 26.01
-25.55, 25.99
-26.36, 26.01
-24.82, 25.89
-23.39, 25.92
-22.25, 25.74
-21.51, 25.71
-20.56, 25.75
-20.53, 25.75
-19.15, 25.72
-17.98, 25.60
-17.20, 25.43
-16.30, 25.56
-15.33, 25.45
-15.20, 25.45
-13.98, 25.42
-13.25, 25.33
-13.35, 25.32
-12.82, 25.39
-11.89, 25.44
-11.95, 25.37
-12.11, 25.30
-11.17, 25.26
-10.85, 25.26
-10.90, 25.41
-11.01, 25.28
-10.55, 25.19
-10.26, 25.16
-8.72, 25.06
-8.55, 25.13
-8.39, 25.12
-8.06, 25.12
-7.14, 25.18
-8.20, 25.20
-7.15, 25.17
-6.89, 25.09
-6.73, 25.08
-6.42, 25.08
-5.80, 24.98
-5.89, 24.98
-4.40, 24.88
-4.07, 24.87
-3.69, 24.85
-3.21, 24.77
-2.78, 24.78
-2.94, 24.91
-3.02, 25.01
-3.02, 25.07
-3.07, 25.10
-3.00, 25.02
-2.96, 25.02
-2.95, 24.95
-2.94, 24.86
-2.97, 24.85
-3.05, 24.94
-3.40, 25.18
-3.67, 25.05
-3.55, 24.80
-2.86, 24.74
-2.55, 24.91
-2.67, 25.01
-2.90, 25.10
-2.91, 25.01
-2.91, 25.01
-2.97, 24.95
-2.89, 24.93
-3.03, 24.79
-2.90, 24.78
-2.93, 24.78
-2.62, 24.68
-1.88, 24.66
-1.03, 24.72
-0.81, 24.66
-0.50, 24.64
-0.17, 24.63
-0.02, 24.70
-0.03, 24.72
-0.05, 24.78
-0.08, 24.87
-0.07, 24.88
-0.07, 24.88
-0.08, 24.88
-0.10, 24.75
BE
BS, S:3563,
-0.09, 24.80
45.78, 25.57
45.22, 28.15
44.47, 30.64
43.45, 31.79
43.37, 32.27
42.91, 32.17
41.18, 32.51
40.78, 32.54
39.51, 32.75
38.93, 33.14
37.06, 33.21
36.96, 33.40
36.15, 33.32
35.28, 33.57
34.70, 33.74
33.54, 33.98
32.32, 34.07
31.25, 34.14
30.99, 34.31
30.29, 34.41
29.30, 34.56
28.26, 34.51
27.21, 34.64
26.48, 34.58
25.48, 34.66
24.98, 34.66
24.10, 34.75
22.68, 34.67
22.68, 34.56
21.09, 34.72
20.09, 34.73
19.68, 34.74
18.95, 34.89
17.89, 34.91
16.96, 34.98
16.11, 35.00
15.20, 35.06
14.39, 35.08
13.40, 35.16
12.63, 35.25
11.90, 35.16
11.01, 35.24
9.94, 35.17
9.31, 35.10
8.45, 35.08
7.44, 35.23
6.61, 35.32
5.72, 35.20
4.82, 35.08
-23.49, 35.00
-39.31, 33.62
-47.01, 30.60
-41.17, 28.01
-39.84, 27.75
-40.35, 27.38
-38.72, 27.44
-38.74, 26.98
-36.90, 26.94
-37.45, 26.77
-33.08, 26.66
-33.45, 26.52
-30.91, 26.49
-30.96, 26.42
-28.53, 26.10
-27.79, 26.15
-27.33, 26.05
-25.72, 26.00
-26.15, 26.00
-24.02, 25.94
-23.08, 25.91
-22.50, 25.82
-23.19, 25.91
-21.55, 25.79
-22.75, 25.75
-20.78, 25.76
-19.23, 25.72
-18.31, 25.55
-18.39, 25.61
-16.59, 25.56
-16.75, 25.50
-16.15, 25.64
-16.02, 25.55
-14.55, 25.36
-13.62, 25.33
-13.03, 25.39
-12.32, 25.37
-13.10, 25.32
-12.30, 25.37
-12.54, 25.31
-11.57, 25.29
-11.15, 25.20
-10.08, 25.24
-10.73, 25.24
-10.08, 25.17
-9.11, 25.00
-7.87, 25.03
-7.09, 25.08
-6.19, 24.94
-5.81, 24.99
-6.01, 24.99
-5.15, 24.98
-5.11, 25.06
-5.20, 25.13
-5.26, 25.07
-5.19, 25.14
-5.08, 25.07
-5.14, 24.92
-5.07, 24.90
-5.03, 24.97
-4.79, 25.12
-4.78, 25.21
-4.80, 25.14
-4.87, 24.90
-3.98, 24.79
-3.73, 24.86
-3.69, 25.01
-3.63, 24.96
-3.60, 25.00
-3.79, 25.02
-3.63, 24.96
-3.70, 24.94
-3.64, 24.87
-3.58, 24.86
-3.41, 24.86
-3.02, 24.77
-2.30, 24.61
-1.54, 24.74
-1.31, 24.73
-1.02, 24.65
-0.93, 24.71
-0.84, 24.80
-0.97, 24.88
-0.96, 24.95
-1.11, 24.98
-1.14, 24.97
-1.16, 24.90
-1.08, 24.81
-1.15, 24.89
-1.10, 25.05
-1.78, 25.01
-1.89, 25.00
-1.88, 24.76
-1.32, 24.74
-1.26, 24.89
-1.18, 24.83
-1.28, 24.99
-1.37, 24.99
-1.30, 24.99
-1.41, 24.90
BE
BS, S:3564,
-1.38, 24.89
46.20, 25.64
45.31, 28.24
44.34, 30.68
43.73, 31.73
42.93, 32.07
42.66, 31.82
40.92, 32.02
39.71, 32.08
39.85, 32.18
39.10, 32.75
38.62, 32.86
36.81, 33.21
35.55, 33.24
35.16, 33.47
34.43, 33.57
33.29, 33.72
32.10, 33.82
31.74, 33.84
30.59, 34.14
29.81, 34.23
29.03, 34.32
28.06, 34.33
27.15, 34.33
26.33, 34.49
25.61, 34.66
24.55, 34.81
23.63, 34.90
22.82, 34.91
22.08, 34.99
21.06, 35.08
20.41, 35.07
19.50, 35.16
18.75, 35.15
17.89, 35.00
16.86, 34.93
16.07, 34.92
15.47, 34.77
14.37, 34.83
13.69, 34.89
12.88, 34.98
11.62, 35.00
11.02, 35.08
10.04, 35.16
9.18, 35.16
8.32, 35.08
7.58, 34.92
6.67, 34.92
5.77, 34.98
4.83, 34.98
-24.30, 34.95
-41.64, 33.65
-47.54, 30.60
-39.00, 27.90
-38.78, 27.64
-39.10, 27.39
-38.74, 27.38
-39.32, 27.01
-36.64, 26.99
-36.73, 26.83
-34.17, 26.64
-34.18, 26.48
-32.14, 26.46
-31.26, 26.35
-29.99, 26.22
-29.14, 26.10
-26.86, 26.03
-26.01, 26.01
-24.19, 25.95
-23.92, 25.93
-23.78, 25.93
-22.72, 25.90
-22.14, 25.88
-21.97, 25.73
-21.06, 25.77
-19.91, 25.74
-20.32, 25.75
-19.02, 25.63
-18.23, 25.60
-16.89, 25.57
-16.89, 25.59
-16.36, 25.56
-16.31, 25.48
-14.22, 25.42
-13.21, 25.32
-13.17, 25.40
-13.25, 25.39
-12.49, 25.38
-13.04, 25.40
-12.48, 25.38
-12.22, 25.30
-10.97, 25.26
-10.80, 25.19
-9.93, 25.16
-10.02, 25.16
-8.27, 25.12
-7.54, 25.01
-6.84, 25.08
-6.13, 24.99
-5.56, 25.00
-5.59, 25.06
-5.82, 25.15
-5.73, 25.15
-5.78, 25.15
-5.57, 25.15
-5.29, 25.06
-5.42, 24.91
-5.71, 25.05
-5.02, 25.05
-5.52, 25.16
-5.13, 25.22
-5.04, 24.99
-4.56, 24.89
-4.14, 24.94
-3.94, 25.01
-4.04, 25.10
-4.00, 25.03
-3.88, 24.97
-3.95, 25.03
-3.92, 24.95
-3.91, 24.94
-3.85, 24.88
-3.89, 24.80
-3.46, 24.70
-2.81, 24.75
-2.15, 24.73
-1.52, 24.74
-1.24, 24.72
-0.97, 24.73
-0.77, 24.66
-0.88, 24.78
-0.81, 24.82
-0.93, 24.97
-1.04, 24.92
-1.36, 24.99
-1.40, 24.92
-1.34, 24.98
-1.38, 24.90
-1.39, 24.91
-1.37, 24.83
-1.38, 24.97
-1.82, 25.16
-2.31, 25.09
-2.28, 24.79
-1.72, 24.68
-1.34, 24.82
-1.31, 24.85
-1.59, 25.07
-1.90, 25.00
-1.82, 24.93
BE
BS, S:3565,
-1.80, 24.93
46.19, 25.69
45.33, 28.23
44.91, 30.71
43.53, 31.79
42.78, 32.11
41.21, 31.95
41.68, 32.06
39.68, 32.09
38.91, 32.31
38.65, 32.70
37.54, 32.74
36.75, 33.04
36.09, 33.16
33.75, 33.40
34.22, 33.47
33.70, 33.55
32.52, 33.74
32.19, 33.88
30.86, 33.97
30.24, 34.16
29.78, 34.24
28.67, 34.32
27.56, 34.47
26.75, 34.50
25.56, 34.49
24.82, 34.58
24.09, 34.81
23.33, 34.78
21.90, 34.89
21.60, 34.83
20.34, 34.97
19.79, 35.06
18.61, 35.09
17.69, 35.24
16.87, 35.26
16.17, 35.33
14.87, 35.34
14.42, 35.33
13.40, 35.41
12.56, 35.35
11.89, 35.34
10.87, 35.27
9.99, 35.25
9.50, 35.16
8.21, 35.09
7.43, 34.92
6.61, 34.83
5.74, 34.83
5.03, 34.75
-21.81, 34.68
-39.45, 33.38
-47.60, 30.49
-39.91, 27.96
-39.96, 27.72
-38.70, 27.36
-38.34, 27.43
-37.76, 27.01
-38.62, 26.92
-36.26, 26.68
-33.64, 26.67
-33.99, 26.62
-33.34, 26.50
-31.80, 26.37
-31.26, 26.27
-28.58, 26.10
-27.50, 26.06
-26.83, 26.11
-25.98, 26.01
-25.00, 25.97
-25.88, 26.00
-23.86, 25.86
-23.28, 25.77
-21.72, 25.79
-21.11, 25.77
-19.80, 25.74
-18.92, 25.63
-18.41, 25.61
-17.50, 25.51
-17.32, 25.57
-15.40, 25.46
-14.84, 25.37
-14.54, 25.43
-14.86, 25.52
-14.11, 25.50
-14.30, 25.42
-13.48, 25.40
-13.30, 25.26
-11.97, 25.29
-12.22, 25.36
-10.80, 25.34
-11.98, 25.29
-10.89, 25.27
-10.76, 25.25
-9.44, 25.15
-9.54, 25.21
-8.70, 25.14
-9.09, 25.15
-8.99, 25.14
-8.83, 25.13
-8.15, 25.11
-8.43, 25.11
-6.99, 25.09
-6.71, 25.10
-6.58, 25.07
-5.85, 24.97
-4.77, 24.81
-4.17, 24.87
-3.96, 24.85
-3.65, 24.86
-3.68, 24.85
-3.42, 24.87
-3.56, 25.01
-3.45, 25.11
-3.62, 25.10
-3.48, 24.95
-3.67, 24.95
-3.36, 24.94
-3.43, 24.94
-3.47, 25.02
-3.56, 25.12
-3.48, 25.11
-3.57, 24.87
-3.06, 24.77
-2.89, 24.84
-2.86, 24.93
-2.92, 25.00
-2.86, 24.94
-2.85, 24.95
-2.86, 24.93
-2.89, 24.85
-2.84, 24.92
-2.85, 24.86
-2.83, 24.85
-2.67, 24.76
-2.10, 24.65
-1.13, 24.73
-0.87, 24.66
-0.58, 24.71
-0.47, 24.64
-0.27, 24.71
-0.43, 24.88
-0.51, 24.90
-0.84, 24.90
-0.94, 24.98
-1.03, 24.98
-0.99, 24.83
-0.94, 24.82
-1.05, 24.81
-1.01, 24.96
BE
BS, S:3566,
-1.53, 25.07
46.10, 25.81
45.33, 28.31
44.73, 30.67
44.05, 31.66
42.42, 32.13
42.22, 31.95
40.98, 32.41
39.88, 32.54
39.53, 32.76
38.48, 33.06
37.58, 32.99
36.87, 33.23
35.67, 33.24
35.70, 33.31
34.35, 33.48
33.86, 33.49
32.90, 33.65
31.43, 33.67
31.13, 33.66
30.54, 33.89
28.79, 33.99
28.05, 33.99
27.85, 34.16
26.72, 34.16
25.60, 34.33
24.95, 34.48
24.12, 34.57
23.13, 34.66
22.71, 34.65
21.31, 34.83
20.64, 34.83
19.87, 34.90
18.64, 34.84
17.91, 34.99
17.20, 35.16
16.30, 35.25
15.38, 35.10
14.33, 35.08
13.56, 35.08
12.69, 35.16
11.61, 35.24
10.86, 35.33
10.13, 35.40
9.26, 35.33
8.41, 35.32
7.41, 35.33
6.56, 35.27
5.74, 35.11
4.84, 35.09
-23.04, 34.99
-39.20, 33.56
-47.90, 30.56
-38.54, 27.92
-38.68, 27.70
-38.57, 27.27
-37.75, 27.33
-36.69, 26.89
-36.83, 26.92
-35.01, 26.63
-33.81, 26.63
-33.59, 26.60
-31.74, 26.45
-30.32, 26.32
-29.66, 26.22
-29.84, 26.23
-28.34, 26.17
-28.52, 26.08
-26.14, 26.01
-25.14, 25.83
-23.66, 25.93
-24.22, 25.87
-22.79, 25.83
-22.49, 25.82
-21.30, 25.78
-20.87, 25.76
-18.70, 25.71
-19.21, 25.72
-18.17, 25.61
-16.96, 25.50
-16.56, 25.47
-14.64, 25.36
-13.63, 25.34
-13.03, 25.31
-13.35, 25.25
-11.57, 25.27
-11.96, 25.37
-11.38, 25.35
-11.43, 25.35
-10.64, 25.26
-11.19, 25.27
-10.00, 25.24
-10.65, 25.25
-10.03, 25.24
-10.04, 25.23
-9.37, 25.15
-9.50, 25.15
-8.38, 25.12
-8.71, 25.13
-9.11, 25.06
-7.83, 25.02
-7.10, 25.16
-6.93, 25.18
-6.83, 25.25
-6.59, 25.00
-6.39, 24.93
-4.97, 24.97
-5.07, 25.04
-5.10, 25.06
-5.03, 25.05
-4.87, 25.05
-4.99, 24.98
-4.75, 24.96
-4.51, 24.88
-4.30, 24.96
-4.31, 24.89
-4.24, 24.89
-3.95, 24.86
-3.30, 24.71
-2.90, 24.76
-2.67, 24.76
-2.35, 24.69
-1.60, 24.73
-1.37, 24.75
-1.49, 24.82
-1.38, 24.75
-1.34, 24.88
-1.35, 24.90
-1.38, 24.91
-1.40, 24.91
-1.53, 24.98
-1.57, 25.07
-1.61, 25.06
-1.77, 25.07
-1.83, 25.08
-1.80, 25.00
-1.93, 24.93
-1.80, 24.85
-1.87, 25.05
-2.08, 25.16
-2.39, 25.03
-2.49, 24.78
-2.42, 24.60
-1.92, 24.81
-1.92, 24.91
-1.91, 25.06
-1.90, 24.93
-1.85, 24.91
-1.85, 24.83
-1.64, 24.81
BE
BS, S:3567,
-1.57, 24.75
46.07, 25.55
45.64, 28.18
44.36, 30.61
43.92, 31.58
43.51, 31.87
42.01, 31.64
41.15, 31.89
40.76, 31.97
39.48, 32.30
37.53, 32.62
37.49, 32.71
36.37, 33.04
36.10, 33.14
35.53, 33.39
34.18, 33.55
33.56, 33.64
32.79, 33.73
31.45, 33.90
30.51, 33.91
30.22, 33.99
29.00, 34.14
28.28, 34.24
26.46, 34.39
27.06, 34.33
26.02, 34.47
25.36, 34.55
24.24, 34.65
22.88, 34.73
22.25, 34.81
21.19, 34.91
20.55, 35.06
19.78, 35.07
18.90, 35.00
17.92, 35.15
16.98, 35.23
15.97, 35.03
15.69, 35.00
14.52, 35.00
13.21, 34.91
12.74, 34.83
11.85, 34.83
11.26, 34.89
9.98, 34.91
9.31, 34.98
8.24, 35.00
7.61, 34.98
6.61, 34.85
5.89, 34.91
4.97, 34.83
-21.60, 34.54
-39.58, 32.06
-49.02, 30.01
-39.94, 27.65
-39.41, 27.57
-38.20, 27.28
-37.53, 27.41
-37.45, 26.96
-37.24, 26.98
-35.49, 26.71
-34.14, 26.70
-32.84, 26.52
-32.67, 26.49
-31.92, 26.37
-31.84, 26.28
-29.00, 26.11
-27.44, 26.05
-26.39, 26.01
-25.83, 25.92
-24.58, 25.89
-23.43, 25.92
-22.93, 25.84
-21.67, 25.79
-21.78, 25.79
-19.86, 25.66
-19.05, 25.79
-19.26, 25.71
-20.00, 25.74
-18.57, 25.63
-18.64, 25.61
-16.85, 25.49
-15.51, 25.46
-14.22, 25.43
-14.95, 25.45
-13.35, 25.40
-13.94, 25.34
-13.41, 25.39
-12.22, 25.30
-11.30, 25.27
-10.99, 25.26
-10.82, 25.26
-9.53, 25.15
-9.66, 25.15
-8.65, 25.13
-7.56, 25.03
-7.25, 25.09
-7.61, 25.04
-6.50, 25.08
-7.26, 25.10
-6.67, 25.09
-6.35, 25.08
-5.84, 25.00
-6.23, 25.07
-5.59, 25.22
-6.11, 25.32
-5.64, 25.23
-5.67, 24.92
-4.80, 24.96
-4.75, 24.96
-4.50, 25.04
-4.82, 25.04
-4.44, 25.04
-4.54, 24.98
-4.58, 24.88
-4.53, 24.96
-4.26, 24.89
-4.32, 24.96
-4.29, 24.95
-3.82, 24.80
-3.02, 24.78
-2.59, 24.76
-2.42, 24.69
-2.27, 24.75
-1.76, 24.81
-1.59, 24.82
-1.53, 24.81
-1.58, 24.84
-1.50, 24.75
-1.51, 24.81
-1.52, 24.74
-1.55, 24.89
-1.54, 25.06
-2.00, 25.08
-2.08, 24.95
-1.99, 24.84
-1.40, 24.74
-1.25, 24.75
-1.20, 24.90
-1.27, 24.92
-1.23, 24.92
-1.25, 24.96
-1.29, 24.84
-1.23, 24.84
-1.26, 24.90
-1.22, 24.90
-1.25, 24.83
-1.19, 24.74
-0.88, 24.64
-0.42, 24.63
-0.20, 24.63
BE
BS, S:3568,
-0.12, 24.63
46.24, 25.38
45.27, 27.90
44.63, 30.32
44.31, 31.41
43.10, 31.85
42.57, 31.70
40.94, 32.09
40.46, 32.25
38.78, 32.48
39.37, 32.81
37.73, 32.90
37.77, 33.13
36.40, 33.29
34.93, 33.47
34.11, 33.62
32.69, 33.66
32.74, 33.73
31.71, 33.82
31.24, 33.89
29.45, 34.01
28.93, 34.16
27.83, 34.16
27.61, 34.24
25.52, 34.39
25.53, 34.41
24.84, 34.56
23.93, 34.73
22.62, 34.81
21.91, 34.91
21.55, 34.91
20.37, 35.06
19.37, 35.08
18.42, 35.08
17.85, 35.08
16.98, 35.08
16.13, 35.00
15.51, 34.92
14.47, 34.69
13.79, 34.75
12.37, 34.80
12.03, 34.74
10.95, 34.81
10.21, 34.75
9.19, 34.83
8.53, 34.82
7.63, 34.81
6.80, 34.82
5.73, 34.89
5.11, 34.82
-24.11, 34.74
-39.43, 33.43
-46.09, 29.46
-38.87, 27.63
-40.21, 27.13
-37.98, 27.20
-39.74, 27.37
-37.58, 27.01
-36.92, 26.98
-34.63, 26.62
-34.50, 26.55
-31.13, 26.36
-32.58, 26.48
-31.62, 26.45
-30.21, 26.23
-29.26, 26.20
-29.46, 26.12
-26.11, 25.93
-26.45, 25.94
-25.20, 25.89
-23.63, 25.78
-22.74, 25.81
-21.56, 25.78
-19.77, 25.73
-18.71, 25.70
-19.50, 25.57
-17.87, 25.52
-17.53, 25.59
-16.76, 25.56
-16.01, 25.63
-15.51, 25.53
-15.70, 25.53
-15.08, 25.53
-14.51, 25.44
-13.80, 25.41
-13.55, 25.33
-13.10, 25.31
-12.31, 25.30
-12.26, 25.37
-11.58, 25.36
-11.38, 25.36
-11.56, 25.21
-10.51, 25.10
-9.14, 25.07
-9.41, 25.13
-8.86, 25.21
-8.76, 25.13
-8.67, 25.06
-8.68, 25.12
-8.23, 25.04
-8.19, 25.11
-7.12, 25.09
-6.70, 25.02
-6.23, 25.08
-5.44, 24.98
-4.40, 24.88
-4.05, 24.88
-3.94, 24.87
-3.53, 24.85
-3.55, 24.79
-3.15, 24.85
-3.36, 24.93
-3.32, 25.02
-3.49, 25.01
-3.26, 24.95
-3.38, 24.94
-3.27, 24.87
-3.33, 24.85
-3.28, 24.93
-3.40, 25.03
-3.39, 25.12
-3.42, 24.94
-3.28, 24.77
-2.66, 24.76
-2.62, 24.84
-2.67, 24.93
-2.69, 25.00
-2.60, 25.00
-2.73, 24.93
-2.67, 24.85
-2.61, 24.78
-2.58, 24.84
-2.67, 24.76
-2.51, 24.69
-1.86, 24.67
-0.96, 24.66
-0.72, 24.72
-0.57, 24.63
-0.23, 24.57
0.01, 24.68
-0.01, 24.70
0.01, 24.85
-0.05, 24.88
-0.51, 24.97
-0.72, 24.91
-0.78, 24.83
-0.81, 24.88
-0.79, 24.83
-0.74, 24.81
-0.78, 24.89
BE
