#--------------------------------------
#Start time: 5.40.31.221
#End time: 5.42.40.184
#Calculated best PEEP: 23.1995#Algorithm used for best PEEP calculation: Finding best PEEP around descending minimum stiffness
#Values ascending: 
#PEEP:  22.0000 26.0100 30.0300
#Stiffness:  18.2091 22.5059 26.1560
#Values descending: 
#PEEP:  30.0300 26.0300 22.0000
#Stiffness:  26.1560 19.8254 16.9741
#--------------------------------------
#Raw data of breath cycles used in calculation: 
BS, S:3588,
-1.47, 22.90
45.88, 23.65
44.65, 26.22
43.87, 28.67
43.23, 29.67
42.59, 30.02
41.54, 29.95
40.95, 30.16
40.25, 30.13
39.04, 30.26
38.91, 30.47
36.79, 30.46
36.80, 30.62
35.78, 30.81
34.95, 30.88
34.00, 31.04
33.03, 31.29
31.77, 31.39
32.16, 31.54
30.43, 31.72
29.73, 31.65
28.88, 31.79
28.48, 31.73
27.18, 31.81
26.32, 31.90
25.71, 31.90
24.45, 32.05
23.69, 31.91
22.35, 31.90
21.72, 31.98
21.22, 32.15
20.15, 32.31
19.69, 32.32
18.60, 32.39
17.64, 32.34
16.83, 32.34
16.28, 32.32
15.26, 32.40
14.32, 32.26
13.55, 32.24
12.59, 32.14
11.67, 32.07
10.77, 31.92
10.02, 31.90
9.16, 31.90
8.40, 31.90
7.32, 31.99
6.59, 32.00
5.70, 31.91
4.92, 31.97
-17.83, 31.90
-37.65, 30.76
-43.33, 28.05
-36.54, 25.83
-38.40, 25.51
-37.27, 25.16
-37.68, 25.09
-37.65, 24.75
-33.85, 24.70
-35.24, 24.58
-33.30, 24.57
-32.67, 24.40
-30.90, 24.33
-30.63, 24.31
-30.44, 24.22
-29.05, 24.02
-27.34, 23.96
-27.18, 24.03
-25.80, 23.83
-25.29, 23.74
-23.46, 23.75
-21.27, 23.77
-22.28, 23.79
-19.48, 23.63
-19.55, 23.72
-18.69, 23.69
-17.82, 23.67
-18.92, 23.62
-17.90, 23.58
-18.08, 23.51
-17.44, 23.42
-16.05, 23.46
-16.12, 23.46
-14.95, 23.43
-14.00, 23.41
-14.63, 23.43
-13.88, 23.26
-14.48, 23.25
-11.93, 23.11
-10.74, 23.25
-11.39, 23.26
-10.57, 23.26
-11.40, 23.19
-10.76, 23.24
-10.28, 23.23
-10.73, 23.23
-9.54, 23.06
-9.65, 23.14
-8.96, 23.12
-8.09, 23.01
-7.84, 23.00
-6.38, 22.99
-5.42, 22.96
-5.02, 22.96
-4.66, 22.87
-4.13, 22.94
-4.26, 22.95
-4.21, 22.93
-4.33, 23.02
-4.19, 23.03
-4.26, 23.11
-4.26, 23.04
-4.25, 23.11
-4.31, 23.05
-4.28, 23.11
-4.24, 23.11
-4.23, 23.10
-4.17, 23.03
-4.21, 22.89
-4.24, 22.93
-4.19, 23.03
-4.16, 23.04
-4.12, 23.04
-4.18, 22.78
-3.29, 22.76
-3.17, 22.91
-3.31, 22.98
-3.06, 22.93
-3.14, 22.94
-3.28, 22.94
-3.12, 22.85
-3.08, 22.77
-3.11, 22.84
-3.14, 22.84
-3.16, 22.83
-3.06, 22.70
-2.42, 22.67
-1.91, 22.72
-1.25, 22.66
-1.04, 22.65
-0.86, 22.65
-0.58, 22.58
-0.47, 22.71
-0.39, 22.79
-0.46, 22.81
-0.66, 22.89
-0.77, 22.96
-0.82, 22.90
-0.92, 22.89
-0.95, 22.94
BE
BS, S:3589,
-0.93, 22.81
44.98, 23.61
45.38, 26.20
44.47, 28.75
43.46, 29.79
42.30, 30.05
41.73, 29.91
41.18, 30.21
39.82, 30.28
38.96, 30.50
38.15, 30.87
37.11, 30.84
36.93, 31.04
36.07, 31.13
34.60, 31.13
34.27, 31.23
33.16, 31.30
32.56, 31.33
31.24, 31.40
30.44, 31.48
30.39, 31.48
28.99, 31.56
28.05, 31.57
27.19, 31.64
26.20, 31.80
25.25, 31.75
24.65, 31.98
23.58, 31.99
23.38, 32.05
21.95, 32.15
21.27, 32.07
20.10, 32.13
19.67, 32.23
18.34, 32.30
17.79, 32.41
16.93, 32.34
15.77, 32.24
15.23, 32.23
14.22, 32.30
13.77, 32.40
12.54, 32.49
11.98, 32.55
10.91, 32.57
10.13, 32.49
9.18, 32.42
8.29, 32.47
7.40, 32.34
6.53, 32.17
5.69, 32.06
5.09, 31.99
-19.16, 31.91
-35.99, 30.74
-42.23, 28.02
-36.91, 25.85
-37.25, 25.61
-38.84, 25.15
-36.57, 25.17
-36.23, 24.82
-36.12, 24.80
-35.08, 24.55
-32.79, 24.32
-31.83, 24.45
-30.74, 24.32
-31.97, 24.37
-30.35, 24.14
-29.05, 24.02
-27.44, 23.89
-25.91, 23.93
-26.43, 23.92
-25.84, 23.91
-24.95, 23.80
-23.54, 23.84
-23.34, 23.83
-21.99, 23.72
-21.48, 23.68
-19.74, 23.72
-18.92, 23.62
-18.64, 23.61
-17.63, 23.43
-16.62, 23.47
-16.11, 23.46
-15.32, 23.37
-14.91, 23.42
-14.41, 23.34
-13.78, 23.40
-13.80, 23.26
-14.02, 23.41
-13.69, 23.32
-13.58, 23.31
-12.96, 23.30
-13.09, 23.23
-11.86, 23.19
-10.88, 23.32
-10.85, 23.33
-10.68, 23.26
-10.92, 23.17
-9.67, 23.05
-8.55, 23.11
-8.23, 23.18
-8.22, 23.18
-8.96, 23.21
-8.11, 23.19
-8.32, 23.18
-8.28, 23.11
-7.51, 23.02
-7.45, 23.09
-6.73, 23.08
-5.87, 22.98
-5.99, 22.90
-4.55, 22.87
-4.31, 22.86
-3.94, 22.79
-3.81, 22.85
-3.50, 22.92
-3.34, 22.86
-3.53, 22.92
-3.52, 22.95
-3.54, 23.02
-3.54, 23.01
-3.43, 23.09
-3.44, 23.01
-3.39, 23.08
-3.39, 23.03
-3.39, 23.10
-3.41, 23.03
-3.46, 23.10
-3.46, 23.03
-3.36, 23.00
-3.51, 23.02
-3.37, 23.16
-3.64, 23.10
-3.79, 22.93
-3.28, 22.76
-2.84, 22.83
-2.76, 22.99
-2.76, 23.07
-2.98, 23.01
-2.84, 22.93
-2.78, 22.85
-2.82, 22.76
-2.77, 22.82
-2.94, 22.84
-2.82, 22.92
-2.82, 22.84
-2.78, 22.69
-2.04, 22.65
-1.35, 22.71
-1.06, 22.72
-0.84, 22.65
-0.70, 22.71
BE
BS, S:3590,
-0.63, 22.72
46.58, 23.48
45.38, 26.08
44.49, 28.59
43.40, 29.66
43.22, 30.07
41.74, 29.94
41.52, 30.16
40.48, 30.28
39.20, 30.57
37.86, 30.83
37.47, 30.69
36.27, 30.88
35.63, 30.98
35.39, 31.12
34.23, 31.31
33.29, 31.39
32.35, 31.56
31.28, 31.65
30.72, 31.73
30.18, 31.67
29.28, 31.81
27.81, 31.90
27.54, 31.74
26.32, 31.81
25.79, 31.82
24.76, 31.81
24.06, 31.75
22.91, 31.83
22.20, 32.05
21.05, 32.13
20.07, 32.15
19.22, 32.15
18.74, 32.15
17.97, 32.23
17.02, 32.15
16.10, 32.23
15.39, 32.37
14.30, 32.48
13.30, 32.40
12.37, 32.24
11.51, 32.23
10.95, 32.23
9.91, 32.30
9.25, 32.40
8.34, 32.40
7.52, 32.40
6.56, 32.31
5.65, 32.32
4.87, 32.23
-18.87, 32.16
-37.13, 30.93
-43.21, 28.16
-37.48, 25.85
-37.14, 25.58
-37.05, 25.14
-37.20, 25.08
-36.00, 24.78
-34.56, 24.77
-33.96, 24.65
-32.77, 24.41
-32.44, 24.48
-31.17, 24.33
-30.84, 24.32
-29.28, 24.10
-29.34, 24.03
-27.49, 24.04
-27.16, 24.11
-26.09, 23.84
-25.36, 23.74
-24.42, 23.85
-23.07, 23.83
-21.37, 23.70
-21.73, 23.79
-20.41, 23.75
-21.56, 23.78
-20.06, 23.66
-18.46, 23.62
-19.20, 23.63
-17.20, 23.43
-17.92, 23.51
-16.15, 23.46
-14.75, 23.35
-14.48, 23.34
-13.26, 23.24
-13.52, 23.23
-12.16, 23.27
-11.19, 23.26
-10.74, 23.24
-11.11, 23.25
-10.70, 23.24
-10.79, 23.25
-10.62, 23.24
-9.85, 23.23
-10.51, 23.16
-9.46, 23.07
-9.20, 23.12
-9.13, 23.12
-8.55, 23.05
-9.28, 23.06
-8.97, 23.11
-8.22, 23.11
-9.12, 23.13
-8.03, 23.01
-7.99, 23.09
-6.87, 23.08
-6.68, 23.09
-7.31, 23.01
-5.71, 22.88
-5.25, 22.88
-4.41, 22.95
-4.49, 23.02
-4.59, 23.04
-4.43, 23.03
-4.52, 23.03
-4.30, 22.88
-4.43, 22.88
-4.31, 22.93
-4.15, 22.94
-4.22, 22.88
-4.11, 22.87
-3.61, 22.77
-3.11, 22.76
-2.67, 22.75
-2.64, 22.75
-2.34, 22.67
-1.78, 22.73
-1.66, 22.81
-1.58, 22.83
-1.63, 22.91
-1.58, 22.91
-1.59, 23.06
-1.80, 23.06
-1.78, 22.99
-1.69, 22.90
-1.78, 22.97
-1.93, 23.14
-2.44, 23.09
-2.79, 22.94
-2.76, 22.69
-2.14, 22.67
-2.07, 22.90
-2.04, 22.99
-2.06, 23.00
-2.14, 22.99
-2.01, 22.90
-2.09, 22.91
-1.96, 22.76
-2.00, 22.90
-2.06, 22.91
BE
BS, S:3591,
-1.97, 22.84
45.63, 23.59
45.26, 26.07
43.99, 28.42
43.02, 29.46
42.87, 29.83
42.23, 29.72
40.18, 30.09
40.24, 30.13
39.47, 30.28
38.70, 30.77
37.80, 30.79
36.78, 31.04
35.88, 31.06
34.31, 31.13
34.05, 31.22
33.16, 31.38
32.74, 31.55
31.65, 31.55
30.76, 31.63
29.40, 31.65
29.00, 31.71
28.06, 31.80
26.94, 31.96
26.59, 32.05
25.30, 32.13
24.44, 32.15
23.72, 32.15
22.89, 32.16
21.86, 32.23
21.35, 32.17
20.51, 32.15
19.31, 32.07
18.73, 32.07
17.89, 32.05
16.93, 31.98
15.79, 32.05
15.13, 32.14
14.54, 32.22
13.62, 32.31
12.72, 32.31
11.72, 32.31
10.87, 32.25
10.09, 32.16
9.31, 32.15
8.21, 32.15
7.51, 32.30
6.66, 32.32
5.77, 32.17
4.81, 32.00
-17.34, 31.94
-37.38, 30.79
-43.65, 28.13
-36.88, 25.85
-38.49, 25.50
-37.09, 25.17
-38.30, 25.22
-37.06, 24.84
-34.91, 24.72
-35.72, 24.56
-32.32, 24.39
-32.69, 24.40
-30.25, 24.31
-29.82, 24.21
-30.46, 24.15
-27.79, 24.06
-26.30, 24.01
-26.00, 24.00
-25.21, 23.88
-26.64, 23.93
-23.95, 23.86
-22.89, 23.89
-24.05, 23.85
-21.35, 23.77
-22.46, 23.81
-20.07, 23.65
-18.72, 23.70
-19.85, 23.57
-18.20, 23.67
-18.99, 23.62
-17.86, 23.50
-16.49, 23.39
-16.43, 23.46
-14.70, 23.42
-14.85, 23.43
-14.55, 23.42
-14.04, 23.34
-14.79, 23.35
-13.61, 23.31
-12.32, 23.27
-12.31, 23.28
-10.94, 23.25
-11.68, 23.27
-10.45, 23.15
-8.81, 23.04
-8.93, 22.97
-7.76, 22.95
-7.94, 23.02
-6.45, 23.06
-5.92, 23.06
-6.35, 23.07
-6.06, 23.06
-6.13, 23.07
-6.27, 23.07
-5.92, 23.06
-6.49, 23.07
-6.15, 23.00
-6.16, 23.00
-6.20, 23.00
-6.07, 23.06
-6.17, 23.00
-5.98, 23.06
-6.09, 22.98
-5.48, 22.96
-5.17, 22.90
-5.16, 23.04
-5.07, 23.06
-4.98, 22.82
-4.01, 22.78
-3.42, 22.84
-3.37, 22.86
-3.49, 23.01
-3.37, 23.01
-3.46, 22.92
-3.42, 22.93
-3.40, 22.85
-3.32, 22.76
-3.05, 22.84
-3.15, 22.85
-3.08, 22.85
-2.92, 22.69
-2.33, 22.65
-1.61, 22.71
-1.30, 22.74
-1.09, 22.71
-0.87, 22.72
-0.75, 22.65
-0.75, 22.79
-0.82, 22.82
-0.83, 22.96
-1.04, 22.97
-1.25, 22.98
-1.24, 22.91
-1.27, 22.90
-1.24, 22.81
-1.22, 22.89
-1.40, 23.05
-1.84, 23.07
-1.95, 22.91
-1.78, 22.74
BE
BS, S:3592,
-1.17, 22.70
46.36, 23.47
44.94, 26.13
44.32, 28.63
43.36, 29.78
41.97, 30.19
42.00, 29.94
40.76, 30.13
40.11, 30.27
39.60, 30.49
38.64, 30.88
37.79, 30.65
36.83, 30.79
35.36, 30.83
35.12, 30.81
33.95, 30.97
33.33, 31.06
32.37, 31.22
31.91, 31.37
30.81, 31.55
30.05, 31.63
28.50, 31.72
28.45, 31.73
27.06, 31.74
26.79, 31.80
25.59, 31.88
24.90, 32.06
23.74, 32.07
22.58, 31.98
22.26, 31.98
21.27, 32.05
20.38, 32.13
19.82, 32.14
18.51, 32.30
17.84, 32.31
16.87, 32.32
16.12, 32.32
15.29, 32.38
14.37, 32.38
13.20, 32.32
12.75, 32.16
11.75, 32.07
11.08, 31.98
10.10, 31.90
9.18, 31.90
8.37, 31.89
7.50, 31.97
6.61, 31.98
5.85, 31.98
5.00, 31.84
-17.99, 31.80
-36.52, 30.68
-42.94, 28.03
-36.98, 25.82
-37.33, 25.54
-38.63, 25.14
-37.04, 25.13
-36.22, 24.74
-35.01, 24.69
-33.20, 24.56
-32.72, 24.55
-32.77, 24.49
-30.72, 24.32
-32.59, 24.31
-29.17, 24.10
-28.03, 24.07
-28.29, 24.07
-25.63, 23.91
-26.77, 23.85
-23.82, 23.69
-21.70, 23.71
-22.75, 23.80
-20.59, 23.75
-20.98, 23.61
-19.09, 23.71
-18.58, 23.61
-19.54, 23.64
-18.54, 23.61
-17.68, 23.58
-17.83, 23.51
-16.57, 23.47
-17.55, 23.50
-15.40, 23.36
-14.29, 23.33
-14.85, 23.43
-14.11, 23.41
-13.77, 23.41
-13.63, 23.17
-12.11, 23.19
-11.33, 23.18
-10.90, 23.18
-10.80, 23.26
-10.65, 23.25
-10.94, 23.24
-10.27, 23.15
-9.89, 23.13
-9.01, 23.12
-8.62, 23.12
-9.12, 23.13
-8.12, 23.01
-7.03, 23.00
-6.40, 22.99
-5.41, 22.97
-5.42, 22.97
-4.85, 22.87
-4.38, 22.87
-4.35, 22.95
-4.35, 22.95
-4.29, 23.02
-4.27, 23.03
-4.18, 22.95
-4.22, 23.03
-4.15, 23.04
-4.10, 23.03
-4.21, 23.03
-4.16, 23.03
-4.21, 23.11
-4.18, 23.04
-4.08, 23.03
-4.09, 22.95
-4.17, 22.94
-4.09, 23.08
-4.02, 23.11
-4.09, 22.88
-3.48, 22.76
-2.83, 22.82
-2.76, 22.90
-2.75, 22.93
-2.84, 22.94
-2.76, 22.86
-2.76, 22.92
-2.68, 22.85
-2.71, 22.82
-2.91, 22.83
-2.80, 22.77
-2.71, 22.84
-2.73, 22.68
-2.02, 22.66
-1.11, 22.66
-0.94, 22.72
-0.75, 22.72
-0.56, 22.63
-0.21, 22.62
-0.16, 22.70
-0.19, 22.64
-0.21, 22.71
-0.22, 22.87
-0.28, 22.89
-0.63, 22.97
-0.88, 22.95
BE
BS, S:3593,
-0.97, 22.97
45.57, 23.75
44.96, 26.30
44.51, 28.70
43.29, 29.73
42.67, 30.20
41.47, 30.01
41.08, 30.23
39.78, 30.22
39.44, 30.29
37.97, 30.61
37.43, 30.64
36.53, 30.95
36.05, 31.06
34.85, 31.29
34.46, 31.31
33.42, 31.31
32.10, 31.46
31.28, 31.56
30.84, 31.64
29.75, 31.56
29.01, 31.57
28.05, 31.63
27.34, 31.64
25.97, 31.65
25.46, 31.65
24.49, 31.80
23.93, 31.88
23.09, 31.96
21.85, 32.06
21.77, 32.14
20.34, 32.08
19.14, 32.22
18.67, 32.07
17.83, 32.13
17.04, 32.15
16.05, 32.31
15.51, 32.37
14.23, 32.17
13.43, 32.15
12.77, 32.15
11.95, 32.22
10.65, 32.24
10.15, 32.32
9.18, 32.32
8.33, 32.31
7.48, 32.24
6.62, 32.16
5.80, 32.15
4.90, 32.07
-18.35, 31.98
-35.18, 30.75
-42.64, 28.03
-36.74, 25.80
-36.45, 25.44
-36.61, 25.12
-35.40, 25.09
-36.69, 24.76
-34.23, 24.76
-33.83, 24.64
-32.71, 24.48
-33.80, 24.51
-31.53, 24.34
-29.95, 24.21
-30.12, 24.22
-28.99, 24.10
-27.54, 24.05
-27.09, 23.96
-25.11, 23.88
-25.61, 23.91
-23.37, 23.84
-22.81, 23.90
-23.94, 23.85
-21.68, 23.78
-21.14, 23.68
-18.95, 23.70
-18.47, 23.62
-19.91, 23.66
-18.10, 23.53
-18.55, 23.61
-17.22, 23.42
-15.96, 23.46
-16.44, 23.40
-14.85, 23.36
-13.96, 23.41
-13.44, 23.31
-12.78, 23.21
-11.97, 23.26
-11.19, 23.26
-10.55, 23.16
-10.44, 23.09
-10.08, 23.15
-9.41, 23.07
-8.86, 23.05
-8.70, 23.12
-8.31, 23.11
-8.62, 23.10
-8.47, 23.11
-8.30, 23.10
-8.59, 23.12
-8.30, 23.11
-8.20, 23.11
-7.98, 23.10
-7.13, 23.08
-7.36, 22.95
-6.46, 23.07
-6.09, 23.06
-6.78, 23.08
-5.99, 22.98
-5.63, 22.82
-4.47, 22.92
-4.35, 22.94
-4.36, 23.03
-4.23, 22.96
-4.22, 23.01
-4.29, 22.95
-4.17, 22.94
-4.22, 22.80
-3.79, 22.85
-3.71, 22.85
-3.76, 22.85
-3.14, 22.74
-2.74, 22.74
-2.32, 22.68
-1.93, 22.80
-1.63, 22.74
-1.43, 22.73
-1.37, 22.79
-1.31, 22.88
-1.39, 22.90
-1.41, 22.91
-1.45, 22.98
-1.44, 22.91
-1.40, 22.85
-1.51, 22.90
-1.40, 22.82
-1.40, 22.98
-1.93, 22.99
-2.06, 22.98
-2.13, 22.75
-1.40, 22.73
-1.31, 22.79
-1.34, 22.97
-1.33, 22.98
-1.44, 22.97
-1.49, 22.84
-1.41, 22.88
-1.43, 22.81
-1.42, 22.88
-1.44, 22.82
BE
BS, S:3594,
-1.44, 22.90
46.32, 23.62
44.87, 26.07
44.46, 28.42
43.70, 29.46
42.50, 29.91
41.92, 29.76
41.08, 30.11
40.08, 30.14
38.77, 30.31
38.16, 30.69
37.16, 30.78
36.86, 30.96
35.66, 31.05
34.93, 31.29
34.03, 31.38
32.94, 31.40
32.45, 31.40
31.66, 31.39
30.45, 31.48
29.96, 31.55
28.96, 31.71
27.76, 31.82
27.51, 31.90
26.09, 31.98
25.69, 31.98
25.12, 32.05
24.06, 32.13
23.53, 32.06
22.30, 32.07
20.83, 31.92
20.34, 31.90
19.57, 31.97
18.65, 31.98
17.79, 31.97
17.00, 31.98
15.88, 32.07
14.98, 32.22
14.20, 32.15
13.56, 32.23
12.35, 32.17
11.57, 32.07
11.09, 32.04
10.08, 32.15
9.22, 32.30
8.38, 32.25
7.59, 32.02
6.59, 31.98
5.65, 31.90
4.76, 31.90
-19.27, 31.87
-37.21, 30.82
-43.15, 28.14
-39.40, 25.82
-38.04, 25.46
-38.11, 25.09
-37.05, 25.13
-35.48, 24.75
-35.79, 24.69
-34.82, 24.57
-32.51, 24.45
-31.99, 24.37
-29.57, 24.21
-30.28, 24.16
-29.11, 24.18
-27.51, 24.05
-28.19, 23.99
-26.20, 23.99
-26.02, 23.91
-24.62, 23.86
-22.91, 23.89
-23.38, 23.91
-23.24, 23.83
-22.07, 23.71
-20.09, 23.65
-20.16, 23.65
-18.02, 23.52
-18.35, 23.60
-17.67, 23.58
-17.07, 23.49
-17.20, 23.49
-16.16, 23.39
-15.41, 23.44
-14.68, 23.42
-14.30, 23.26
-14.09, 23.33
-12.89, 23.20
-11.76, 23.26
-10.97, 23.17
-10.65, 23.17
-10.31, 23.16
-9.76, 23.15
-9.43, 23.21
-9.31, 23.13
-9.22, 23.13
-9.04, 23.13
-8.42, 23.10
-8.46, 23.18
-8.78, 23.28
-8.65, 23.19
-8.35, 23.03
-7.09, 23.00
-6.48, 23.06
-6.42, 23.07
-6.18, 23.14
-6.15, 23.06
-5.83, 23.05
-5.94, 22.98
-5.78, 22.98
-5.24, 22.89
-4.89, 22.96
-4.73, 22.96
-4.23, 22.80
-3.63, 22.78
-3.11, 22.75
-2.96, 22.75
-2.92, 22.77
-2.69, 22.68
-2.65, 22.75
-2.57, 22.81
-2.61, 22.82
-2.77, 22.90
-2.55, 22.90
-2.58, 22.91
-2.66, 22.91
-2.64, 22.84
-2.66, 22.92
-2.65, 22.92
-2.57, 22.99
-2.61, 23.00
-2.57, 22.99
-2.67, 23.00
-2.68, 22.99
-2.61, 22.91
-2.68, 22.76
-2.63, 22.77
-2.62, 22.99
-2.68, 23.07
-2.85, 22.93
-2.76, 22.66
-1.66, 22.70
-1.31, 22.87
-1.36, 22.97
-1.47, 22.91
-1.56, 22.90
-1.49, 22.82
-1.47, 22.75
-1.44, 22.80
-1.38, 22.74
-1.42, 22.82
BE
BS, S:3595,
-1.43, 22.89
44.84, 23.63
45.28, 26.10
44.45, 28.48
43.12, 29.49
42.78, 29.82
41.66, 29.67
40.71, 29.92
39.82, 29.95
39.14, 30.15
38.37, 30.53
37.53, 30.62
36.31, 30.87
35.81, 30.98
34.83, 31.12
33.82, 31.21
33.50, 31.36
32.49, 31.48
31.47, 31.57
30.48, 31.58
29.66, 31.65
28.83, 31.57
28.13, 31.65
26.80, 31.81
26.61, 31.90
25.83, 31.96
24.23, 31.90
23.40, 31.82
22.69, 31.98
22.37, 32.12
21.05, 32.23
20.71, 32.22
19.49, 32.30
18.42, 32.32
17.69, 32.32
16.60, 32.31
16.34, 32.31
15.19, 32.25
14.51, 32.15
13.71, 32.14
12.86, 32.07
11.91, 31.99
10.82, 31.90
10.21, 31.77
9.20, 31.88
8.46, 31.90
7.47, 31.90
6.60, 31.90
5.65, 31.90
4.91, 31.90
-18.12, 31.83
-35.54, 30.72
-43.92, 28.08
-37.39, 25.76
-37.09, 25.48
-36.70, 25.07
-34.83, 25.12
-35.71, 24.86
-34.38, 24.76
-33.50, 24.58
-33.86, 24.49
-30.98, 24.27
-30.73, 24.32
-29.94, 24.30
-29.13, 24.11
-29.25, 24.02
-27.32, 24.03
-26.29, 24.01
-26.14, 23.83
-25.10, 23.88
-23.39, 23.90
-23.35, 23.77
-21.58, 23.78
-20.53, 23.67
-19.79, 23.72
-18.83, 23.62
-18.09, 23.59
-18.10, 23.52
-17.09, 23.49
-17.77, 23.51
-15.92, 23.54
-15.36, 23.52
-16.91, 23.56
-15.08, 23.43
-14.43, 23.42
-13.74, 23.25
-13.41, 23.30
-13.46, 23.37
-13.06, 23.37
-12.49, 23.38
-12.29, 23.20
-10.81, 23.10
-10.17, 23.08
-9.81, 23.23
-9.83, 23.15
-9.35, 23.20
-9.47, 23.19
-9.45, 23.13
-8.63, 23.12
-8.99, 23.12
-8.32, 23.10
-7.30, 23.09
-7.38, 23.01
-5.99, 22.98
-5.34, 22.90
-4.86, 22.96
-4.71, 22.88
-4.62, 22.95
-4.39, 22.95
-4.29, 22.94
-4.30, 22.95
-4.36, 23.02
-4.33, 22.87
-4.25, 22.87
-4.34, 23.10
-4.30, 23.19
-4.40, 23.05
-4.25, 22.87
-3.54, 22.83
-3.30, 22.84
-3.36, 22.92
-3.37, 22.86
-3.30, 22.92
-3.35, 22.86
-3.37, 22.92
-3.36, 22.84
-3.29, 22.85
-3.24, 22.84
-3.11, 22.77
-2.99, 22.74
-2.48, 22.73
-1.98, 22.66
-1.60, 22.75
-1.45, 22.72
-1.26, 22.74
-1.13, 22.71
-0.97, 22.71
-1.07, 22.78
-1.03, 22.79
-1.04, 22.95
-1.19, 22.99
-1.83, 23.07
-1.81, 22.89
-1.63, 22.72
-1.14, 22.65
-1.01, 22.79
-1.12, 22.82
-1.07, 22.89
-1.07, 22.89
-1.15, 22.81
BE
BS, S:3596,
-1.04, 22.74
45.93, 23.52
44.99, 26.11
43.98, 28.59
42.92, 29.66
42.47, 29.96
41.69, 29.83
41.23, 30.06
40.65, 30.08
39.18, 30.24
37.97, 30.60
37.58, 30.59
36.66, 30.87
36.46, 30.88
34.61, 30.97
34.29, 31.13
33.02, 31.29
32.16, 31.46
31.79, 31.56
30.59, 31.50
29.46, 31.63
29.20, 31.63
28.02, 31.74
27.38, 31.89
26.16, 31.97
25.36, 31.98
24.51, 32.00
23.61, 32.08
22.61, 32.06
21.98, 32.21
20.98, 32.24
20.33, 32.24
19.49, 32.07
18.56, 32.07
17.71, 31.99
16.85, 31.97
16.29, 31.97
15.33, 31.89
14.12, 31.83
13.22, 32.04
12.36, 31.91
11.70, 32.06
10.87, 32.15
10.04, 32.15
9.11, 32.08
8.30, 32.15
7.54, 32.07
6.69, 32.06
6.03, 31.89
4.87, 31.90
-3.74, 31.87
-18.30, 31.36
-24.75, 30.07
-23.52, 29.10
-22.93, 28.91
-24.20, 28.50
-22.69, 28.29
-24.01, 28.22
-22.42, 28.00
-21.98, 28.01
-22.24, 27.87
-19.77, 27.83
-19.96, 27.67
-18.42, 27.56
-16.83, 27.42
-15.85, 27.40
-14.57, 27.44
-13.19, 27.40
-11.97, 27.30
-11.50, 27.27
-10.13, 27.25
-9.77, 27.17
-8.81, 27.22
-8.70, 27.15
-9.00, 27.15
-8.23, 27.05
-7.49, 27.11
-7.01, 27.18
-6.25, 27.10
-6.37, 27.15
-5.51, 27.00
-5.30, 27.07
-5.63, 27.16
-5.52, 27.07
-5.15, 27.07
-5.25, 27.06
-4.67, 26.90
-4.79, 26.90
-4.58, 27.05
-4.48, 27.12
-4.51, 27.07
-4.21, 26.89
-3.04, 26.84
-2.67, 26.78
-2.55, 27.00
-2.64, 26.95
-2.64, 27.01
-2.63, 27.02
-2.59, 26.93
-2.60, 26.86
-2.51, 26.85
-2.61, 26.93
-2.54, 26.93
-2.50, 26.84
-2.41, 26.68
-1.50, 26.74
-0.96, 26.74
-0.58, 26.73
-0.13, 26.57
0.25, 26.57
0.55, 26.57
0.62, 26.71
0.63, 26.78
0.59, 26.79
0.61, 26.81
0.58, 26.88
0.52, 26.82
0.25, 26.89
-0.11, 26.96
-0.46, 26.98
-0.73, 26.92
-0.79, 26.98
-0.88, 26.91
-0.91, 26.91
-0.81, 26.84
-0.84, 26.98
-1.23, 27.01
-1.36, 26.92
-1.24, 26.67
-0.80, 26.72
-0.65, 26.89
-0.78, 26.98
-0.96, 27.06
-0.94, 26.99
-0.97, 26.91
-0.91, 26.82
-0.95, 26.82
-0.92, 26.82
-0.84, 26.82
-0.94, 26.74
-0.66, 26.64
-0.18, 26.64
0.06, 26.64
0.31, 26.57
0.44, 26.55
0.63, 26.63
0.64, 26.69
0.61, 26.72
0.61, 26.80
0.59, 26.88
BE
BS, S:3597,
0.43, 26.87
44.87, 27.59
44.42, 30.01
44.29, 32.31
43.14, 33.34
42.56, 33.85
41.56, 33.72
39.89, 34.02
39.39, 34.07
39.03, 34.25
38.20, 34.67
36.84, 34.81
35.38, 35.14
34.90, 35.18
34.34, 35.40
33.18, 35.65
32.94, 35.72
31.58, 35.90
30.84, 36.00
30.22, 35.93
29.09, 36.08
28.37, 36.09
27.82, 36.15
27.20, 36.22
25.93, 36.24
24.70, 36.33
23.95, 36.50
23.23, 36.65
22.58, 36.75
21.55, 36.90
20.84, 36.92
19.65, 37.01
19.06, 37.01
18.33, 37.07
17.35, 37.09
16.79, 37.16
15.49, 37.26
15.17, 37.26
14.03, 37.33
13.30, 37.25
12.65, 37.18
11.43, 37.26
10.69, 37.27
9.89, 37.40
8.89, 37.43
8.25, 37.41
7.47, 37.39
6.41, 37.28
5.55, 37.13
4.73, 37.10
-23.88, 37.00
-38.87, 35.54
-46.83, 32.49
-38.65, 29.91
-38.81, 29.66
-37.26, 29.22
-37.79, 29.36
-35.46, 28.87
-34.60, 28.90
-34.21, 28.61
-31.21, 28.61
-33.17, 28.60
-29.80, 28.32
-28.10, 28.25
-29.23, 28.22
-27.28, 28.14
-26.38, 28.04
-26.17, 27.94
-24.04, 27.88
-24.61, 27.89
-22.20, 27.82
-20.50, 27.77
-21.71, 27.88
-19.87, 27.69
-19.61, 27.73
-17.60, 27.60
-17.35, 27.52
-17.09, 27.65
-15.88, 27.64
-15.69, 27.63
-15.34, 27.63
-14.65, 27.46
-13.90, 27.43
-13.78, 27.34
-12.79, 27.40
-11.46, 27.30
-12.08, 27.29
-10.35, 27.19
-8.98, 27.14
-9.57, 27.16
-8.33, 27.06
-8.08, 27.11
-6.78, 27.25
-6.36, 27.17
-7.09, 27.27
-6.46, 27.17
-6.29, 27.17
-6.63, 27.16
-5.89, 27.08
-6.50, 27.01
-5.39, 27.00
-5.59, 27.15
-5.73, 27.24
-5.59, 27.26
-5.57, 27.08
-4.99, 26.98
-4.29, 26.97
-4.24, 27.03
-4.18, 27.13
-4.12, 27.13
-4.06, 27.13
-4.10, 27.13
-4.13, 27.05
-4.08, 26.96
-4.03, 27.02
-3.89, 26.96
-3.71, 26.81
-3.03, 26.85
-2.47, 26.76
-2.14, 26.69
-1.35, 26.76
-1.25, 26.83
-1.12, 26.83
-1.08, 26.90
-1.04, 26.99
-1.11, 27.07
-1.16, 27.08
-1.19, 26.99
-1.09, 26.98
-1.27, 26.91
-1.16, 26.99
-1.30, 27.15
-1.96, 27.18
-2.03, 27.09
-2.06, 26.77
-1.54, 26.76
-1.45, 26.92
-1.62, 27.07
-1.52, 27.15
-1.66, 27.14
-1.62, 27.09
-1.58, 27.00
-1.65, 26.99
-1.68, 26.91
-1.62, 27.00
-1.62, 26.84
-1.32, 26.75
-0.78, 26.67
-0.55, 26.66
-0.40, 26.73
BE
BS, S:3598,
-0.20, 26.73
47.18, 27.47
44.51, 30.00
43.94, 32.49
43.55, 33.61
41.83, 34.13
41.54, 33.96
40.65, 34.26
39.67, 34.39
38.95, 34.56
38.77, 35.03
37.21, 35.14
36.95, 35.33
35.59, 35.48
34.63, 35.43
33.54, 35.73
33.07, 35.97
32.05, 36.15
31.00, 36.39
30.48, 36.50
29.95, 36.65
28.77, 36.83
28.00, 36.82
26.58, 36.92
26.23, 36.86
25.44, 36.99
24.65, 37.01
23.98, 37.08
22.85, 37.01
22.37, 36.94
21.24, 37.08
20.15, 37.24
19.69, 37.25
18.72, 37.34
17.68, 37.43
16.60, 37.49
16.03, 37.59
14.93, 37.67
14.42, 37.67
13.36, 37.76
12.53, 37.76
11.45, 37.75
10.70, 37.76
10.14, 37.66
9.13, 37.81
8.22, 37.84
7.50, 37.83
6.57, 37.60
5.71, 37.60
4.82, 37.45
-27.40, 37.41
-43.23, 36.03
-50.37, 32.89
-41.85, 30.09
-40.98, 29.76
-40.24, 29.39
-40.74, 29.53
-39.65, 29.06
-37.09, 29.00
-37.18, 28.76
-33.72, 28.69
-32.92, 28.59
-30.85, 28.44
-30.14, 28.40
-29.32, 28.29
-27.54, 28.08
-27.05, 28.13
-26.10, 28.02
-25.40, 27.99
-23.92, 27.87
-22.84, 27.92
-21.71, 27.81
-21.60, 27.81
-21.51, 27.87
-19.72, 27.82
-18.94, 27.72
-19.19, 27.66
-18.14, 27.62
-17.53, 27.60
-16.29, 27.49
-15.16, 27.53
-15.69, 27.54
-14.80, 27.61
-14.61, 27.52
-13.75, 27.35
-13.15, 27.31
-11.83, 27.36
-10.72, 27.35
-11.83, 27.36
-11.02, 27.36
-10.74, 27.33
-10.40, 27.26
-9.50, 27.17
-10.09, 27.24
-9.09, 27.15
-8.23, 27.06
-8.47, 27.05
-6.29, 27.09
-5.96, 27.08
-5.16, 27.00
-4.62, 26.98
-4.41, 26.97
-3.99, 26.96
-3.91, 27.03
-3.95, 27.04
-3.92, 27.06
-3.88, 27.21
-3.93, 27.14
-3.88, 27.12
-3.88, 27.11
-3.97, 27.05
-3.83, 26.94
-3.78, 26.96
-3.84, 27.05
-3.78, 27.14
-3.96, 27.13
-3.88, 26.89
-3.24, 26.86
-3.10, 26.93
-3.02, 27.02
-3.03, 27.11
-3.05, 27.03
-3.09, 27.03
-3.04, 27.02
-3.01, 26.86
-3.04, 26.94
-2.99, 26.86
-2.91, 26.85
-2.36, 26.70
-1.26, 26.74
-0.94, 26.73
-0.61, 26.66
-0.49, 26.73
-0.24, 26.64
-0.24, 26.81
-0.28, 26.81
-0.27, 26.83
-0.26, 26.97
-0.44, 26.97
-0.50, 26.90
-0.52, 26.98
-0.72, 26.99
-0.91, 26.94
-1.02, 26.99
-1.05, 26.99
-1.07, 26.99
-1.02, 26.99
-1.12, 26.99
-1.20, 27.01
-1.67, 27.17
BE
BS, S:3599,
-2.08, 27.09
45.14, 27.80
45.55, 30.22
44.44, 32.65
43.87, 33.70
43.06, 34.23
42.14, 34.07
40.74, 34.45
40.11, 34.63
39.05, 34.75
38.07, 35.07
37.57, 35.14
37.62, 35.49
35.89, 35.56
35.10, 35.73
34.71, 35.90
33.64, 35.92
32.40, 36.00
31.97, 36.24
30.91, 36.25
29.73, 36.25
29.23, 36.39
28.02, 36.43
27.42, 36.57
26.20, 36.75
25.45, 36.90
24.81, 36.99
23.44, 37.16
23.09, 37.24
21.92, 37.41
21.25, 37.43
20.21, 37.59
19.33, 37.59
18.46, 37.59
18.11, 37.67
16.95, 37.76
16.45, 37.90
15.27, 37.84
14.60, 37.69
13.38, 37.84
12.45, 37.71
11.90, 37.99
10.83, 38.15
10.17, 38.10
9.23, 38.10
8.39, 38.18
7.24, 38.11
6.52, 38.09
5.84, 37.93
4.90, 37.85
-26.38, 37.76
-43.64, 36.14
-49.39, 32.84
-39.54, 30.05
-41.08, 29.74
-38.35, 29.40
-38.65, 29.51
-38.53, 29.06
-36.74, 29.06
-35.78, 28.82
-34.13, 28.72
-33.48, 28.62
-31.71, 28.54
-32.63, 28.49
-30.02, 28.39
-28.41, 28.19
-28.41, 28.18
-26.01, 28.09
-26.93, 28.05
-26.15, 28.02
-24.90, 27.90
-23.43, 27.86
-22.31, 27.82
-21.52, 27.88
-20.63, 27.77
-20.62, 27.85
-20.26, 27.76
-18.69, 27.72
-18.82, 27.64
-16.54, 27.57
-16.47, 27.56
-15.52, 27.55
-14.61, 27.45
-13.72, 27.42
-13.09, 27.32
-12.28, 27.29
-10.76, 27.32
-11.23, 27.27
-9.82, 27.24
-9.55, 27.30
-10.30, 27.34
-10.21, 27.33
-9.86, 27.26
-9.48, 27.17
-9.70, 27.16
-8.68, 27.07
-7.94, 27.12
-7.41, 27.28
-7.14, 27.27
-7.96, 27.29
-7.00, 27.10
-5.69, 27.08
-5.97, 27.07
-5.25, 27.06
-5.33, 27.00
-5.26, 27.08
-5.17, 27.14
-5.23, 27.08
-5.20, 27.07
-4.96, 27.06
-4.98, 27.06
-4.98, 27.00
-4.43, 26.97
-3.73, 26.87
-3.09, 26.86
-2.70, 26.85
-2.67, 26.83
-2.40, 26.78
-2.37, 26.84
-2.50, 26.92
-2.49, 26.93
-2.45, 26.93
-2.39, 26.93
-2.58, 26.84
-2.45, 26.93
-2.56, 27.17
-2.99, 27.12
-2.96, 26.96
-3.04, 26.79
-2.40, 26.70
-2.12, 26.84
-2.00, 26.92
-1.87, 26.92
-1.90, 26.92
-1.88, 26.92
-1.87, 26.92
-1.76, 26.83
-1.77, 26.92
-1.69, 26.91
-1.55, 26.82
-1.19, 26.73
-0.64, 26.73
-0.35, 26.65
-0.06, 26.63
0.22, 26.63
0.24, 26.70
0.30, 26.72
0.23, 26.80
0.24, 26.82
0.22, 26.87
BE
BS, S:3600,
0.26, 26.81
45.71, 27.57
44.72, 30.09
45.05, 32.58
43.90, 33.75
42.15, 34.33
41.90, 34.16
41.51, 34.39
40.30, 34.54
39.78, 34.67
38.49, 35.06
37.91, 35.14
36.45, 35.55
36.13, 35.52
35.59, 35.79
33.83, 36.08
33.18, 36.15
32.74, 36.18
31.24, 36.34
30.81, 36.34
30.16, 36.40
28.86, 36.42
28.24, 36.34
27.23, 36.42
26.96, 36.49
25.89, 36.65
24.86, 36.75
24.01, 36.82
22.85, 37.06
21.70, 37.10
21.33, 37.32
20.39, 37.41
19.63, 37.43
19.04, 37.49
17.98, 37.66
17.00, 37.60
15.98, 37.66
15.19, 37.67
14.32, 37.74
13.51, 37.76
13.06, 37.68
12.16, 37.74
11.15, 37.91
9.86, 38.07
9.17, 37.93
8.38, 37.76
7.53, 37.75
6.68, 37.76
5.85, 37.84
4.90, 37.93
-29.28, 37.86
-43.53, 36.30
-51.86, 33.00
-42.77, 30.18
-42.26, 29.87
-40.18, 29.47
-38.83, 29.51
-40.01, 28.98
-37.83, 28.94
-35.71, 28.71
-35.02, 28.80
-32.59, 28.43
-30.17, 28.49
-30.11, 28.33
-29.17, 28.30
-28.14, 28.25
-27.37, 28.14
-25.89, 28.02
-25.26, 27.99
-25.75, 28.00
-23.30, 27.86
-22.39, 27.90
-22.96, 27.92
-20.96, 27.79
-20.24, 27.76
-18.99, 27.65
-18.91, 27.71
-18.22, 27.70
-18.34, 27.62
-17.11, 27.59
-15.67, 27.47
-15.26, 27.45
-13.61, 27.42
-13.21, 27.41
-13.80, 27.43
-12.46, 27.47
-12.80, 27.33
-12.15, 27.38
-11.20, 27.36
-11.20, 27.36
-10.69, 27.19
-9.97, 27.18
-9.10, 27.13
-8.54, 27.13
-6.93, 27.02
-6.15, 27.09
-6.13, 27.02
-5.18, 27.05
-5.04, 27.06
-4.72, 27.05
-4.99, 27.13
-4.87, 27.14
-4.93, 27.20
-4.81, 27.22
-4.80, 27.15
-4.94, 27.05
-4.82, 27.06
-4.82, 27.05
-4.61, 27.05
-4.53, 27.22
-4.82, 27.22
-4.51, 27.07
-4.14, 26.87
-3.46, 26.92
-3.29, 26.94
-3.28, 27.02
-3.33, 27.04
-3.18, 27.10
-3.31, 27.05
-3.36, 26.95
-3.32, 26.96
-3.23, 26.95
-3.45, 26.95
-3.09, 26.79
-2.61, 26.76
-2.08, 26.69
-1.39, 26.75
-1.15, 26.67
-0.89, 26.65
-0.68, 26.67
-0.56, 26.67
-0.61, 26.82
-0.65, 26.82
-0.56, 26.83
-0.65, 26.90
-0.63, 26.83
-0.63, 26.83
-0.62, 26.90
-0.61, 26.96
-0.83, 27.05
-1.05, 27.06
-1.27, 27.01
-1.43, 27.06
-1.36, 27.00
-1.35, 26.93
-1.38, 26.90
-1.35, 26.85
-1.40, 26.99
-1.49, 27.09
-1.52, 26.79
BE
BS, S:3601,
-1.31, 26.75
46.78, 27.50
46.39, 30.13
44.24, 32.75
44.72, 33.85
44.17, 34.36
41.92, 34.30
42.08, 34.57
40.68, 34.71
39.44, 34.86
38.84, 35.29
37.93, 35.31
37.13, 35.43
36.10, 35.58
35.74, 35.66
34.75, 35.83
33.21, 35.83
33.35, 35.92
31.97, 36.07
30.70, 36.25
30.65, 36.33
29.87, 36.48
28.45, 36.74
28.00, 36.89
26.30, 36.99
25.76, 36.94
24.97, 37.08
24.04, 37.16
23.31, 37.34
22.69, 37.57
21.58, 37.44
20.43, 37.50
19.90, 37.59
18.55, 37.67
17.60, 37.73
17.02, 37.84
15.89, 38.08
15.25, 38.10
14.32, 38.10
13.85, 38.17
12.80, 38.16
11.82, 38.09
10.98, 38.01
9.99, 37.93
9.20, 37.78
8.27, 37.70
7.70, 37.60
6.52, 37.59
5.64, 37.59
4.93, 37.58
-28.73, 37.53
-42.99, 36.04
-49.33, 32.86
-42.73, 30.06
-40.49, 29.69
-40.28, 29.26
-38.25, 29.47
-38.29, 29.15
-38.69, 29.17
-37.98, 28.90
-34.66, 28.72
-33.20, 28.53
-34.38, 28.63
-31.30, 28.45
-29.45, 28.38
-30.21, 28.32
-29.05, 28.19
-27.45, 28.07
-26.80, 28.13
-25.90, 28.01
-24.11, 28.04
-24.04, 27.96
-23.23, 27.85
-20.65, 27.77
-20.55, 27.70
-19.01, 27.72
-18.16, 27.54
-17.22, 27.59
-16.51, 27.49
-15.57, 27.63
-14.89, 27.61
-15.78, 27.65
-15.14, 27.48
-14.35, 27.51
-14.18, 27.43
-12.35, 27.37
-11.70, 27.37
-11.36, 27.36
-11.13, 27.36
-10.80, 27.26
-10.53, 27.25
-9.67, 27.24
-9.03, 27.08
-9.27, 27.15
-7.21, 27.03
-6.05, 27.07
-6.24, 27.08
-5.30, 27.08
-5.44, 27.07
-5.18, 27.13
-5.20, 27.14
-5.13, 27.08
-5.32, 27.00
-5.10, 27.00
-4.75, 27.05
-4.61, 26.99
-4.28, 26.98
-4.38, 27.12
-4.55, 27.30
-4.45, 27.22
-4.26, 26.92
-3.89, 26.93
-3.74, 26.88
-3.70, 27.10
-3.91, 27.12
-3.80, 27.12
-3.82, 27.12
-3.76, 27.04
-3.65, 26.90
-3.75, 26.96
-3.78, 27.03
-3.61, 26.82
-3.30, 26.80
-2.76, 26.77
-2.41, 26.82
-1.68, 26.69
-1.14, 26.67
-0.76, 26.67
-0.53, 26.67
-0.63, 26.73
-0.57, 26.83
-0.60, 26.98
-0.92, 26.99
-1.11, 26.99
-1.08, 26.99
-1.17, 26.91
-1.08, 26.90
-1.08, 26.91
-1.10, 26.84
-1.12, 27.07
-1.61, 27.17
-2.02, 27.03
-1.90, 26.79
-1.32, 26.81
-1.36, 26.98
-1.31, 27.08
-1.69, 27.10
-1.83, 27.09
-1.80, 27.02
-1.77, 26.91
BE
BS, S:3602,
-1.78, 26.92
46.37, 27.66
45.91, 30.27
44.94, 32.74
43.56, 33.70
43.22, 34.06
42.33, 33.88
41.25, 34.19
39.64, 34.23
39.34, 34.50
39.19, 34.82
38.60, 34.88
36.85, 35.22
36.30, 35.32
34.61, 35.49
34.29, 35.65
33.68, 35.90
32.15, 36.08
31.67, 36.10
31.10, 36.32
29.31, 36.44
29.13, 36.57
28.03, 36.74
26.64, 36.82
27.30, 36.90
25.76, 37.15
24.53, 37.25
24.00, 37.18
23.15, 37.32
22.20, 37.41
21.41, 37.42
20.78, 37.67
19.02, 37.91
18.61, 37.84
18.01, 38.00
17.03, 37.95
16.23, 38.16
15.24, 38.26
14.72, 38.17
13.42, 38.10
12.44, 37.95
11.87, 37.85
10.97, 37.70
10.19, 37.66
9.16, 37.52
8.29, 37.59
7.42, 37.59
6.48, 37.59
5.84, 37.51
4.95, 37.51
-25.23, 37.43
-43.37, 35.92
-49.13, 32.78
-40.55, 30.07
-42.46, 29.78
-39.85, 29.40
-39.58, 29.50
-39.05, 28.99
-38.11, 29.03
-36.93, 28.78
-34.70, 28.79
-34.86, 28.65
-31.98, 28.62
-32.60, 28.50
-30.25, 28.40
-29.03, 28.21
-28.59, 28.18
-27.38, 28.14
-26.64, 28.12
-25.47, 28.01
-26.09, 28.02
-24.13, 27.89
-22.27, 27.82
-21.61, 27.88
-20.23, 27.76
-20.01, 27.75
-18.93, 27.72
-17.89, 27.61
-17.07, 27.50
-16.49, 27.57
-15.13, 27.46
-13.48, 27.34
-14.28, 27.43
-12.95, 27.39
-12.45, 27.39
-12.43, 27.40
-11.68, 27.44
-11.80, 27.38
-12.08, 27.37
-10.86, 27.35
-10.28, 27.26
-10.33, 27.18
-9.16, 27.23
-8.90, 27.31
-9.79, 27.25
-8.82, 27.14
-7.99, 27.12
-7.96, 27.20
-7.59, 27.34
-7.57, 27.29
-7.59, 27.21
-7.67, 27.19
-6.65, 27.15
-6.71, 27.09
-5.18, 27.06
-4.55, 26.96
-4.37, 26.97
-3.76, 26.88
-3.26, 26.85
-2.75, 26.79
-2.81, 26.86
-2.78, 27.09
-2.92, 27.19
-3.04, 27.18
-3.24, 27.12
-3.40, 27.04
-3.37, 26.95
-3.28, 26.95
-3.33, 26.88
-3.26, 26.95
-3.23, 27.03
-3.16, 26.87
-2.57, 26.77
-2.29, 26.84
-2.01, 26.91
-2.00, 26.99
-1.96, 26.94
-2.08, 27.08
-1.99, 27.08
-1.94, 27.00
-1.97, 26.99
-1.94, 26.92
-1.90, 26.84
-1.54, 26.76
-1.10, 26.73
-0.78, 26.67
-0.61, 26.73
-0.26, 26.66
-0.21, 26.72
-0.25, 26.74
-0.24, 26.95
-0.19, 26.97
-0.47, 26.97
-0.49, 26.82
-0.46, 26.83
-0.48, 26.90
-0.63, 27.06
-1.26, 27.13
-1.51, 26.95
-1.45, 26.77
BE
BS, S:3603,
-1.11, 26.75
46.31, 27.55
45.53, 30.18
44.59, 32.76
43.81, 33.85
42.94, 34.30
42.13, 34.18
40.91, 34.46
40.84, 34.63
39.73, 34.97
39.25, 35.24
37.85, 35.13
36.88, 35.39
35.62, 35.42
35.35, 35.42
34.53, 35.57
33.12, 35.73
32.79, 35.76
31.87, 36.06
30.98, 36.15
30.12, 36.40
29.17, 36.56
28.38, 36.67
27.59, 36.89
26.09, 36.99
25.97, 36.92
25.28, 37.07
23.85, 37.16
23.18, 37.24
22.10, 37.41
21.22, 37.57
20.41, 37.59
19.85, 37.59
18.91, 37.66
17.75, 37.84
17.26, 37.98
16.21, 38.09
15.17, 38.11
14.26, 38.11
13.42, 38.25
12.79, 38.24
11.93, 38.25
10.94, 38.18
9.92, 38.10
9.29, 37.95
8.41, 37.76
7.41, 37.70
6.82, 37.60
5.89, 37.52
4.98, 37.51
-26.57, 37.44
-41.66, 35.97
-50.88, 32.85
-41.17, 30.02
-40.32, 29.71
-39.01, 29.35
-38.33, 29.46
-39.07, 28.99
-36.92, 29.04
-35.98, 28.82
-35.43, 28.83
-33.82, 28.63
-32.56, 28.57
-31.64, 28.54
-31.29, 28.43
-29.04, 28.21
-28.52, 28.18
-27.49, 28.15
-25.65, 28.09
-26.79, 28.12
-24.71, 27.89
-22.13, 27.90
-22.40, 27.82
-21.77, 27.81
-20.88, 27.78
-19.40, 27.82
-20.20, 27.68
-18.77, 27.72
-18.21, 27.62
-17.77, 27.53
-15.94, 27.55
-16.01, 27.49
-15.07, 27.53
-13.41, 27.34
-13.63, 27.40
-11.41, 27.21
-11.22, 27.36
-10.45, 27.18
-9.30, 27.24
-9.21, 27.23
-9.17, 27.22
-8.88, 27.21
-8.40, 27.20
-9.34, 27.16
-7.92, 27.20
-7.40, 27.19
-7.71, 27.20
-7.02, 27.19
-6.98, 27.19
-7.15, 27.11
-6.51, 27.17
-6.49, 27.18
-6.38, 27.10
-5.79, 27.08
-5.32, 27.15
-6.14, 27.24
-5.57, 27.18
-5.34, 27.07
-5.14, 26.98
-4.31, 26.90
-4.11, 26.97
-3.92, 27.11
-4.04, 26.97
-3.98, 27.11
-4.04, 27.12
-3.97, 27.04
-3.85, 26.89
-3.80, 26.88
-3.70, 26.95
-3.59, 26.95
-3.27, 26.86
-2.62, 26.84
-2.34, 26.78
-1.80, 26.75
-1.33, 26.83
-1.10, 26.82
-1.10, 26.81
-1.07, 26.88
-1.06, 26.98
-1.20, 26.99
-1.08, 26.99
-1.12, 26.98
-1.15, 26.90
-1.08, 26.90
-1.13, 26.99
-1.25, 27.16
-1.96, 27.04
-1.88, 27.02
-1.84, 26.84
-1.35, 26.81
-1.29, 26.91
-1.36, 26.99
-1.29, 27.01
-1.33, 27.01
-1.39, 26.99
-1.33, 26.93
-1.40, 26.91
-1.37, 26.91
-1.33, 26.91
-1.35, 26.82
BE
BS, S:3604,
-1.04, 26.74
46.39, 27.47
45.56, 29.99
45.27, 32.44
44.06, 33.49
42.58, 33.93
42.70, 33.75
41.90, 34.15
40.97, 34.38
39.64, 34.65
38.53, 34.99
37.04, 34.99
36.87, 35.30
36.30, 35.48
35.45, 35.66
34.80, 35.83
34.04, 35.98
32.89, 36.17
31.83, 36.32
30.68, 36.42
30.06, 36.51
29.08, 36.58
28.32, 36.75
27.74, 36.98
26.59, 36.93
25.30, 36.99
24.77, 37.07
24.03, 37.16
22.73, 37.40
23.08, 37.57
21.48, 37.74
20.34, 37.84
19.38, 37.91
18.95, 38.00
17.80, 38.01
16.81, 38.09
16.32, 38.03
15.75, 38.00
14.24, 37.87
13.55, 37.83
12.81, 37.75
11.77, 37.60
11.25, 37.58
10.28, 37.59
9.30, 37.61
8.31, 37.68
7.53, 37.61
6.81, 37.67
5.78, 37.75
4.79, 37.61
-11.41, 37.56
-25.81, 36.69
-32.45, 34.90
-28.47, 33.56
-28.95, 33.33
-27.57, 32.78
-29.25, 32.85
-27.05, 32.51
-25.65, 32.48
-26.87, 32.27
-22.34, 32.16
-22.45, 32.11
-21.03, 32.03
-20.17, 31.88
-19.41, 31.91
-18.67, 31.74
-17.83, 31.70
-16.02, 31.66
-15.91, 31.66
-14.16, 31.53
-12.78, 31.43
-12.40, 31.41
-10.45, 31.37
-9.25, 31.33
-8.77, 31.25
-7.96, 31.21
-7.02, 31.28
-6.65, 31.20
-6.05, 31.25
-5.70, 31.17
-6.03, 31.11
-5.35, 31.17
-4.96, 31.14
-4.72, 31.08
-4.45, 31.14
-4.50, 31.09
-4.36, 31.15
-4.33, 31.07
-4.30, 31.15
-4.37, 31.00
-4.15, 31.07
-3.72, 30.97
-3.86, 30.98
-3.75, 31.13
-3.66, 31.14
-3.74, 30.98
-2.84, 30.87
-2.45, 30.87
-2.32, 30.93
-2.37, 31.02
-2.30, 31.10
-2.37, 31.03
-2.33, 31.03
-2.29, 31.03
-2.44, 30.97
-2.32, 30.95
-2.35, 30.97
-2.28, 30.87
-1.76, 30.84
-1.23, 30.76
-0.74, 30.69
-0.44, 30.67
0.01, 30.66
0.23, 30.72
0.22, 30.74
0.20, 30.82
0.11, 30.90
0.15, 30.84
0.11, 30.91
0.14, 30.82
0.14, 30.82
0.16, 30.89
-0.08, 30.99
-0.79, 31.01
-0.99, 30.99
-0.98, 30.84
-0.89, 30.76
-0.74, 30.75
-0.87, 30.84
-0.86, 30.94
-0.85, 31.01
-0.99, 31.02
-1.01, 30.94
-0.99, 30.93
-0.97, 30.84
-0.99, 30.84
-0.99, 30.76
-0.57, 30.68
-0.11, 30.59
0.24, 30.65
0.41, 30.65
0.62, 30.65
0.63, 30.65
0.57, 30.79
0.62, 30.82
0.59, 30.90
0.61, 30.83
0.57, 30.80
0.55, 30.80
0.54, 30.81
BE
BS, S:3605,
0.42, 30.90
45.34, 31.67
44.76, 34.19
44.05, 36.54
42.88, 37.55
42.10, 37.99
40.94, 37.91
39.74, 38.35
39.94, 38.60
38.80, 38.99
37.90, 39.47
37.07, 39.50
36.27, 39.98
35.98, 40.18
34.22, 40.27
33.95, 40.36
32.83, 40.52
31.63, 40.67
31.33, 40.84
29.94, 41.01
29.46, 41.18
28.72, 41.34
28.16, 41.43
27.21, 41.60
25.88, 41.78
25.62, 41.86
24.54, 42.00
23.55, 42.02
22.68, 42.26
21.19, 42.36
20.78, 42.35
20.49, 42.43
19.63, 42.37
18.57, 42.37
17.44, 42.52
16.85, 42.61
15.93, 42.76
14.84, 42.77
14.46, 42.70
13.30, 42.78
12.45, 42.57
11.66, 42.53
10.49, 42.39
9.89, 42.13
9.06, 41.97
8.28, 41.88
7.36, 41.79
6.40, 41.70
5.54, 41.61
4.80, 41.52
-28.20, 41.46
-42.98, 39.89
-48.48, 36.77
-39.38, 34.07
-39.49, 33.82
-36.92, 33.42
-38.38, 33.56
-36.46, 33.00
-33.82, 32.99
-33.77, 32.61
-31.75, 32.73
-30.89, 32.62
-29.45, 32.57
-30.22, 32.36
-27.82, 32.34
-25.89, 32.20
-26.69, 32.07
-23.61, 31.97
-23.20, 32.03
-21.46, 31.90
-20.01, 31.93
-18.84, 31.73
-17.44, 31.70
-16.16, 31.67
-14.23, 31.62
-14.74, 31.48
-13.66, 31.59
-12.69, 31.51
-13.39, 31.59
-12.11, 31.56
-11.97, 31.48
-10.92, 31.31
-10.09, 31.35
-9.65, 31.35
-9.62, 31.36
-9.48, 31.49
-9.25, 31.42
-9.06, 31.32
-7.87, 31.23
-7.12, 31.28
-7.07, 31.22
-6.70, 31.35
-7.44, 31.38
-7.06, 31.36
-6.72, 31.28
-7.10, 31.29
-6.28, 31.13
-6.03, 31.13
-5.47, 31.03
-4.73, 31.07
-4.07, 30.97
-3.54, 30.97
-2.90, 30.88
-2.45, 30.87
-2.22, 30.86
-1.79, 30.94
-1.68, 30.94
-1.77, 30.95
-1.80, 30.94
-1.84, 30.95
-1.84, 30.94
-1.84, 30.94
-1.79, 30.94
-1.83, 30.93
-1.81, 31.02
-1.79, 31.04
-1.95, 31.12
-2.01, 31.12
-2.02, 31.11
-2.07, 30.96
-1.99, 31.03
-2.12, 31.03
-2.02, 31.11
-2.16, 31.19
-2.77, 31.13
-2.81, 30.98
-2.49, 30.78
-2.01, 30.86
-2.04, 31.01
-2.16, 31.11
-2.30, 31.18
-2.27, 31.12
-2.37, 31.05
-2.36, 30.96
-2.33, 31.03
-2.30, 31.10
-2.36, 31.05
-2.28, 30.88
-2.14, 30.78
-1.43, 30.77
-0.91, 30.69
-0.59, 30.67
-0.08, 30.66
0.21, 30.66
0.30, 30.65
0.41, 30.73
0.39, 30.68
0.37, 30.74
0.33, 30.89
0.34, 30.82
BE
BS, S:3606,
0.33, 30.83
46.15, 31.62
45.50, 34.16
44.15, 36.68
43.20, 37.77
43.60, 38.33
41.98, 38.22
40.97, 38.68
39.96, 38.89
39.59, 39.00
38.89, 39.48
37.63, 39.51
37.05, 39.92
35.29, 40.10
35.37, 40.17
34.09, 40.56
33.26, 40.68
32.71, 40.99
32.30, 41.40
30.93, 41.59
29.73, 41.92
28.27, 41.88
28.37, 42.10
26.99, 42.35
26.77, 42.43
25.51, 42.51
24.39, 42.53
23.41, 42.53
23.02, 42.62
22.11, 42.68
21.35, 42.69
20.29, 42.77
19.25, 42.86
18.58, 43.02
18.12, 43.10
16.73, 43.20
16.22, 43.27
15.15, 43.28
14.38, 43.29
13.57, 43.28
12.44, 43.30
11.53, 43.45
10.74, 43.53
10.03, 43.47
9.31, 43.38
8.24, 43.29
7.44, 43.35
6.50, 43.30
5.67, 43.45
4.77, 43.44
-39.37, 43.37
-49.85, 41.48
-57.18, 37.73
-45.66, 34.47
-43.88, 34.06
-42.75, 33.58
-39.98, 33.74
-38.45, 33.17
-39.29, 33.28
-36.33, 32.91
-34.43, 32.90
-33.06, 32.55
-31.89, 32.65
-30.42, 32.51
-29.71, 32.42
-27.89, 32.26
-27.44, 32.24
-26.12, 32.21
-24.33, 32.01
-23.54, 32.05
-23.23, 32.02
-22.08, 31.93
-20.34, 31.79
-19.34, 31.85
-17.95, 31.71
-18.75, 31.83
-17.87, 31.72
-17.12, 31.78
-15.94, 31.67
-15.02, 31.57
-15.30, 31.57
-13.67, 31.45
-12.71, 31.50
-12.21, 31.48
-10.51, 31.36
-10.09, 31.35
-9.13, 31.33
-7.74, 31.22
-7.63, 31.28
-7.23, 31.28
-6.50, 31.28
-6.71, 31.28
-6.33, 31.28
-6.46, 31.27
-6.61, 31.20
-6.24, 31.20
-6.07, 31.18
-6.07, 31.05
-5.19, 31.09
-4.81, 31.15
-5.14, 31.24
-4.97, 31.33
-4.97, 31.33
-4.84, 31.11
-4.49, 31.07
-4.14, 31.05
-4.01, 31.14
-4.11, 31.23
-4.15, 31.32
-4.04, 31.24
-4.09, 31.23
-4.14, 31.15
-4.05, 31.15
-4.12, 31.08
-4.12, 31.00
-3.80, 30.97
-3.10, 30.88
-2.68, 30.87
-2.10, 30.77
-1.40, 30.77
-1.06, 30.76
-0.96, 30.82
-0.99, 30.84
-0.89, 30.78
-0.91, 30.92
-0.94, 30.91
-0.88, 31.00
-0.96, 31.00
-1.03, 31.01
-1.12, 31.00
-1.18, 31.01
-1.14, 31.01
-1.12, 31.00
-1.10, 30.93
-1.15, 31.00
-1.30, 31.18
-1.93, 31.18
-2.15, 31.12
-2.03, 30.88
-1.91, 30.79
-1.68, 31.00
-1.74, 31.10
-1.94, 31.12
-1.96, 31.10
-1.97, 30.97
-1.95, 31.02
-1.93, 30.96
-1.95, 30.95
-1.97, 30.87
-1.92, 30.88
BE
BS, S:3607,
-1.88, 30.79
47.13, 31.52
45.87, 34.06
45.58, 36.48
44.08, 37.53
43.54, 38.09
42.48, 37.93
42.08, 38.39
41.23, 38.72
39.41, 38.88
38.33, 39.47
38.50, 39.44
37.15, 39.96
36.80, 40.10
35.01, 40.25
34.08, 40.52
33.70, 40.60
32.44, 40.92
31.77, 41.04
31.07, 41.26
30.14, 41.59
29.77, 41.61
28.21, 41.77
27.65, 41.94
26.36, 42.03
25.70, 42.34
25.05, 42.59
24.23, 42.84
23.16, 43.03
22.23, 43.20
21.51, 43.27
20.61, 43.22
19.98, 43.37
19.28, 43.28
17.79, 43.21
17.19, 43.19
15.83, 43.14
15.11, 43.11
14.64, 43.05
13.67, 43.27
12.75, 43.35
11.88, 43.43
10.85, 43.37
10.06, 43.37
9.19, 43.36
8.53, 43.37
7.57, 43.20
6.49, 43.15
5.80, 43.35
4.75, 43.35
-36.30, 43.27
-47.95, 41.33
-56.33, 37.63
-44.24, 34.46
-43.54, 34.14
-42.30, 33.78
-42.07, 33.85
-41.43, 33.36
-39.22, 33.40
-38.34, 33.08
-37.51, 33.03
-35.16, 32.70
-33.07, 32.61
-31.69, 32.56
-30.16, 32.51
-29.11, 32.39
-27.38, 32.17
-26.38, 32.21
-24.42, 32.06
-24.44, 32.15
-22.83, 32.02
-21.59, 31.99
-21.69, 31.90
-19.58, 31.92
-20.69, 31.95
-19.03, 31.83
-17.68, 31.64
-18.09, 31.64
-15.88, 31.65
-15.43, 31.65
-14.49, 31.55
-13.86, 31.61
-14.18, 31.53
-13.24, 31.51
-12.71, 31.41
-11.37, 31.39
-10.80, 31.37
-9.87, 31.35
-9.16, 31.33
-8.36, 31.23
-7.72, 31.22
-7.34, 31.23
-6.52, 31.20
-6.14, 31.19
-6.07, 31.26
-5.96, 31.27
-6.04, 31.20
-5.99, 31.11
-5.27, 31.17
-5.13, 31.08
-4.77, 31.15
-4.88, 31.31
-4.81, 31.40
-4.79, 31.34
-5.00, 31.18
-4.70, 31.00
-4.16, 31.00
-4.46, 31.14
-4.20, 31.23
-4.47, 31.31
-4.33, 31.23
-4.24, 31.23
-4.34, 31.15
-4.25, 31.07
-4.16, 31.01
-4.22, 31.07
-3.55, 30.90
-3.18, 30.89
-2.54, 30.87
-2.11, 30.77
-1.49, 30.70
-1.03, 30.76
-0.89, 30.76
-0.88, 30.84
-0.79, 30.85
-0.96, 30.91
-0.97, 31.01
-1.07, 31.01
-1.31, 31.03
-1.46, 31.02
-1.39, 31.01
-1.43, 31.01
-1.44, 30.88
-1.45, 30.92
-1.47, 30.94
-1.43, 31.07
-1.89, 31.12
-2.29, 31.12
-2.07, 30.88
-1.79, 30.85
-1.59, 30.94
-1.59, 31.09
-1.87, 31.12
-1.93, 31.04
-1.98, 31.04
-1.99, 30.96
-1.94, 30.94
-2.00, 30.94
-1.95, 31.01
-1.89, 30.94
BE
BS, S:3608,
-1.76, 30.79
46.59, 31.55
45.64, 34.07
44.73, 36.45
44.68, 37.47
42.83, 38.08
42.70, 37.97
41.42, 38.41
40.26, 38.64
39.84, 38.82
39.06, 39.38
38.29, 39.41
37.33, 39.82
36.61, 40.00
35.37, 40.17
34.43, 40.50
34.15, 40.67
33.44, 40.82
31.86, 41.01
31.23, 41.09
30.41, 41.42
29.51, 41.61
28.27, 41.69
27.48, 41.78
26.97, 41.80
25.91, 42.09
24.90, 42.28
24.35, 42.51
23.40, 42.77
22.55, 42.95
21.45, 43.10
20.81, 43.12
19.88, 43.34
18.43, 43.37
18.02, 43.22
17.20, 43.37
16.39, 43.29
15.44, 43.20
14.59, 43.12
13.35, 43.04
12.69, 43.03
11.98, 43.04
11.21, 43.12
10.21, 43.12
9.43, 43.04
8.37, 43.04
7.54, 42.96
6.73, 42.95
5.78, 42.89
4.90, 42.94
-34.22, 42.85
-47.08, 41.05
-56.60, 37.50
-43.32, 34.38
-42.56, 34.05
-40.61, 33.64
-40.24, 33.77
-40.75, 33.25
-38.52, 33.31
-36.48, 32.96
-36.21, 33.05
-34.20, 32.75
-32.31, 32.67
-31.22, 32.47
-29.63, 32.49
-29.23, 32.32
-27.75, 32.34
-27.40, 32.26
-25.83, 32.20
-26.23, 32.13
-24.12, 32.14
-22.78, 31.95
-22.37, 32.00
-20.92, 31.81
-20.16, 31.86
-18.47, 31.73
-16.76, 31.68
-16.64, 31.68
-14.38, 31.54
-14.79, 31.55
-13.55, 31.51
-12.09, 31.48
-12.85, 31.57
-11.57, 31.47
-10.79, 31.45
-10.50, 31.45
-9.78, 31.43
-10.65, 31.44
-9.44, 31.43
-9.30, 31.42
-9.81, 31.35
-8.93, 31.33
-8.24, 31.32
-8.02, 31.23
-6.72, 31.28
-6.53, 31.28
-6.85, 31.37
-6.59, 31.27
-5.89, 31.05
-5.59, 31.04
-4.93, 31.16
-4.90, 31.16
-4.89, 31.25
-4.81, 31.18
-5.01, 31.25
-4.92, 31.17
-4.81, 31.09
-4.71, 31.06
-4.38, 31.07
-4.47, 31.06
-3.92, 30.98
-3.41, 30.96
-2.92, 30.88
-2.54, 30.80
-2.22, 30.79
-1.68, 30.85
-1.43, 30.85
-1.46, 30.92
-1.37, 30.92
-1.40, 30.93
-1.46, 30.93
-1.37, 30.86
-1.48, 31.00
-1.45, 31.01
-1.46, 31.08
-1.53, 31.02
-1.44, 30.94
-1.38, 31.02
-1.39, 30.94
-1.42, 30.93
-1.43, 31.02
-1.54, 31.18
-1.98, 31.12
-1.95, 31.03
-1.98, 30.79
-1.54, 30.84
-1.56, 30.92
-1.57, 31.02
-1.62, 31.04
-1.88, 31.11
-1.70, 31.03
-1.70, 30.94
-1.84, 30.94
-1.68, 30.93
-1.69, 30.87
-1.65, 30.86
-1.30, 30.76
-0.97, 30.69
-0.65, 30.73
-0.44, 30.67
BE
BS, S:3609,
-0.19, 30.66
46.44, 31.41
45.58, 33.97
44.81, 36.55
44.66, 37.61
43.44, 38.21
42.25, 38.15
42.43, 38.57
40.79, 38.78
39.92, 39.01
38.71, 39.55
38.40, 39.66
37.46, 39.99
36.14, 40.10
36.03, 40.24
35.00, 40.58
33.88, 40.76
32.97, 40.92
32.03, 41.17
31.28, 41.42
30.53, 41.67
29.10, 41.84
28.70, 41.93
27.95, 42.09
26.86, 42.04
25.74, 42.12
24.88, 42.26
24.52, 42.26
23.43, 42.36
22.67, 42.38
21.79, 42.58
20.72, 42.68
19.61, 42.78
18.83, 42.86
18.02, 42.94
17.08, 42.95
16.19, 43.02
15.29, 43.05
14.39, 43.28
13.66, 43.37
12.90, 43.36
11.84, 43.30
10.99, 43.29
10.08, 43.37
9.12, 43.52
8.35, 43.62
7.48, 43.70
6.60, 43.71
5.74, 43.71
4.92, 43.62
-40.85, 43.52
-49.94, 41.53
-56.67, 37.70
-45.43, 34.42
-43.31, 34.01
-42.55, 33.60
-40.22, 33.77
-38.17, 33.21
-39.12, 33.33
-37.08, 32.93
-34.34, 32.92
-34.09, 32.74
-32.93, 32.77
-32.97, 32.61
-29.93, 32.42
-28.12, 32.27
-27.96, 32.28
-24.99, 32.16
-26.61, 32.22
-24.20, 32.14
-22.63, 32.10
-23.12, 32.03
-20.71, 31.96
-20.34, 31.79
-18.76, 31.82
-17.90, 31.70
-17.63, 31.63
-15.47, 31.50
-14.44, 31.62
-13.75, 31.45
-13.14, 31.51
-13.47, 31.44
-12.37, 31.56
-11.28, 31.55
-11.97, 31.41
-10.38, 31.36
-10.41, 31.35
-9.28, 31.26
-8.54, 31.33
-9.54, 31.49
-8.91, 31.49
-9.28, 31.42
-8.60, 31.24
-7.74, 31.22
-7.86, 31.30
-7.54, 31.37
-6.91, 31.37
-7.05, 31.37
-7.01, 31.29
-7.27, 31.29
-6.49, 31.26
-5.96, 31.18
-6.54, 31.19
-5.51, 31.09
-4.90, 31.00
-4.22, 30.98
-3.70, 30.91
-3.11, 30.87
-2.61, 30.79
-2.27, 30.85
-1.87, 30.85
-1.81, 30.93
-1.90, 30.93
-1.94, 31.02
-1.94, 31.04
-1.91, 31.11
-1.92, 31.11
-2.02, 31.03
-2.02, 31.03
-1.95, 30.94
-1.99, 30.94
-1.91, 31.01
-2.02, 31.18
-2.59, 31.21
-2.82, 31.05
-2.83, 30.89
-2.52, 30.87
-2.44, 31.02
-2.56, 31.17
-2.84, 31.07
-2.98, 31.13
-3.04, 31.05
-2.94, 31.03
-2.94, 30.96
-3.03, 30.96
-2.92, 30.89
-2.66, 30.80
-2.02, 30.78
-1.29, 30.76
-0.98, 30.69
-0.46, 30.67
-0.03, 30.59
0.29, 30.65
0.34, 30.72
0.31, 30.74
0.31, 30.67
0.34, 30.82
0.35, 30.82
0.26, 30.82
0.30, 30.76
BE
BS, S:3610,
0.32, 30.82
47.01, 31.57
46.22, 34.13
45.05, 36.73
44.90, 37.81
43.41, 38.39
42.42, 38.38
41.34, 38.78
40.78, 38.91
40.42, 39.31
39.16, 39.82
38.10, 39.84
37.21, 40.08
36.53, 40.26
36.03, 40.49
35.01, 40.68
33.59, 40.94
32.76, 41.19
32.18, 41.43
31.13, 41.59
30.31, 41.84
29.71, 42.01
28.50, 42.19
27.57, 42.28
26.77, 42.35
25.97, 42.37
24.94, 42.45
23.99, 42.45
23.29, 42.44
22.38, 42.60
21.49, 42.59
20.51, 42.61
19.72, 42.77
19.02, 42.87
18.28, 43.01
17.36, 43.04
16.50, 43.04
15.60, 43.12
14.60, 43.20
13.77, 43.28
12.68, 43.44
11.86, 43.37
11.08, 43.37
10.17, 43.45
9.18, 43.37
8.38, 43.29
7.53, 43.37
6.55, 43.38
5.82, 43.52
4.78, 43.36
-36.14, 43.27
-48.00, 41.32
-56.40, 37.60
-44.73, 34.47
-44.60, 34.15
-41.90, 33.78
-42.24, 33.89
-41.26, 33.32
-39.86, 33.38
-38.15, 33.08
-37.52, 33.03
-35.87, 32.80
-32.98, 32.61
-31.15, 32.47
-29.99, 32.42
-28.24, 32.36
-26.91, 32.23
-25.69, 32.19
-24.66, 32.07
-23.97, 32.13
-22.98, 31.95
-22.32, 32.00
-21.40, 31.89
-19.88, 31.93
-21.01, 31.89
-19.27, 31.83
-18.52, 31.73
-17.85, 31.64
-15.86, 31.65
-15.96, 31.66
-14.80, 31.63
-14.52, 31.62
-15.07, 31.55
-12.83, 31.35
-11.73, 31.32
-11.43, 31.40
-10.57, 31.44
-11.59, 31.47
-10.70, 31.38
-10.14, 31.44
-10.96, 31.36
-9.24, 31.27
-9.13, 31.33
-8.38, 31.24
-7.68, 31.15
-6.78, 31.20
-5.90, 31.10
-4.98, 31.01
-4.73, 31.07
-4.03, 30.98
-3.94, 31.05
-3.89, 30.99
-3.95, 31.14
-4.04, 31.07
-3.89, 31.13
-3.94, 31.07
-3.91, 30.93
-3.66, 30.97
-3.69, 30.90
-3.51, 31.05
-3.74, 31.29
-3.90, 31.18
-3.89, 31.08
-3.94, 30.91
-3.33, 30.96
-3.31, 30.97
-3.34, 30.98
-3.30, 31.13
-3.37, 31.12
-3.33, 30.98
-3.31, 30.91
-3.31, 30.97
-3.26, 30.97
-3.11, 30.90
-2.77, 30.87
-2.22, 30.78
-1.50, 30.77
-1.14, 30.68
-0.93, 30.69
-0.82, 30.69
-0.78, 30.68
-0.76, 30.83
-0.82, 30.84
-0.81, 30.84
-0.72, 30.84
-0.79, 30.69
-0.78, 30.83
-0.83, 30.99
-1.22, 31.09
-1.43, 31.02
-1.44, 30.87
-1.29, 30.77
-1.16, 30.83
-1.15, 30.90
-1.16, 30.94
-1.27, 31.10
-1.36, 31.08
-1.38, 31.02
-1.34, 30.92
-1.35, 30.93
BE
BS, S:3611,
-1.37, 30.87
46.24, 31.60
45.93, 34.12
45.50, 36.58
43.75, 37.62
43.42, 38.10
42.94, 38.08
41.88, 38.63
40.77, 38.82
40.21, 39.08
39.26, 39.56
38.05, 39.58
37.28, 39.90
36.49, 40.10
35.35, 40.42
34.84, 40.52
34.09, 40.75
33.26, 40.94
31.65, 41.09
31.23, 41.19
30.27, 41.50
29.29, 41.61
28.72, 41.84
27.71, 42.04
26.80, 42.28
26.19, 42.44
25.12, 42.61
24.55, 42.62
23.31, 42.62
22.54, 42.68
21.69, 42.69
20.51, 42.62
20.08, 42.70
18.97, 42.78
17.96, 42.93
16.97, 42.95
16.23, 43.02
15.46, 43.02
14.52, 43.12
13.65, 43.12
12.83, 43.19
12.19, 43.20
11.19, 43.35
10.20, 43.52
9.17, 43.60
8.39, 43.46
7.55, 43.31
6.58, 43.29
5.87, 43.36
4.89, 43.44
-37.20, 43.39
-50.01, 41.54
-60.37, 37.82
-45.93, 34.44
-43.82, 34.08
-42.45, 33.69
-40.74, 33.81
-41.53, 33.27
-38.88, 33.33
-36.43, 32.94
-36.30, 32.97
-32.95, 32.70
-33.94, 32.72
-30.48, 32.52
-29.66, 32.49
-29.37, 32.39
-27.05, 32.24
-27.27, 32.16
-23.95, 32.06
-22.84, 32.02
-23.08, 31.96
-21.82, 31.90
-20.62, 31.95
-20.21, 31.87
-19.43, 31.91
-20.39, 31.88
-18.45, 31.81
-17.12, 31.69
-17.52, 31.70
-14.89, 31.55
-14.48, 31.54
-13.87, 31.46
-13.25, 31.59
-14.24, 31.54
-12.59, 31.41
-11.64, 31.46
-10.87, 31.46
-10.38, 31.52
-11.33, 31.47
-10.89, 31.45
-10.27, 31.44
-10.38, 31.43
-9.33, 31.33
-8.97, 31.33
-8.42, 31.25
-7.90, 31.22
-7.15, 31.14
-6.34, 31.19
-5.44, 31.16
-4.98, 31.01
-4.03, 30.98
-3.69, 30.96
-3.36, 30.97
-3.11, 30.96
-3.06, 30.89
-3.24, 30.97
-3.12, 30.98
-3.29, 30.97
-3.32, 31.05
-3.08, 30.98
-3.35, 30.98
-3.34, 31.04
-3.29, 31.06
-3.24, 31.05
-3.26, 30.90
-3.27, 30.90
-3.02, 30.95
-2.97, 30.89
-3.06, 31.11
-3.03, 31.21
-3.12, 31.15
-3.06, 30.90
-2.67, 30.79
-2.38, 30.87
-2.26, 30.87
-2.29, 30.96
-2.47, 31.11
-2.32, 31.05
-2.45, 31.02
-2.39, 30.95
-2.28, 30.95
-2.47, 30.94
-2.32, 30.95
-2.17, 30.78
-1.44, 30.76
-1.05, 30.75
-0.76, 30.69
-0.35, 30.66
0.03, 30.64
0.17, 30.65
0.28, 30.72
0.18, 30.81
0.22, 30.90
0.07, 30.99
-0.37, 30.93
-0.53, 31.00
-0.67, 30.93
-0.62, 30.92
-0.63, 30.92
-0.66, 30.76
BE
BS, S:3612,
-0.62, 30.82
47.14, 31.61
46.40, 34.29
44.85, 36.90
43.82, 38.02
43.68, 38.50
42.92, 38.37
41.71, 38.85
40.80, 39.04
40.11, 39.42
39.37, 39.84
38.18, 39.99
37.70, 40.41
36.54, 40.52
35.83, 40.68
34.78, 40.76
33.65, 41.00
33.02, 41.11
32.12, 41.13
31.41, 41.28
30.65, 41.43
29.57, 41.51
28.72, 41.68
27.91, 41.78
26.99, 42.09
26.24, 42.13
25.41, 42.35
24.18, 42.50
23.35, 42.45
22.25, 42.61
21.31, 42.69
20.66, 42.78
19.57, 43.11
18.99, 43.20
17.81, 43.27
17.22, 43.21
16.52, 43.25
15.49, 43.43
14.40, 43.53
13.63, 43.77
12.76, 43.87
12.05, 43.86
11.06, 43.95
10.15, 43.96
9.26, 43.95
8.49, 43.87
7.60, 43.71
6.64, 43.48
5.83, 43.36
4.90, 43.21
-36.98, 43.10
-48.63, 41.21
-56.27, 37.56
-44.07, 34.40
-43.93, 34.06
-40.80, 33.69
-40.49, 33.82
-40.11, 33.30
-38.25, 33.40
-38.92, 32.96
-35.24, 32.95
-34.82, 32.77
-32.72, 32.60
-31.73, 32.49
-31.76, 32.56
-29.33, 32.40
-27.67, 32.35
-27.54, 32.19
-26.09, 32.21
-25.83, 32.11
-23.58, 32.04
-22.99, 32.11
-23.81, 32.12
-21.83, 31.92
-22.44, 31.92
-20.48, 31.79
-18.43, 31.81
-18.93, 31.74
-17.39, 31.63
-16.83, 31.68
-14.86, 31.63
-14.18, 31.53
-14.06, 31.46
-12.28, 31.39
-11.24, 31.38
-10.12, 31.28
-9.75, 31.35
-9.74, 31.34
-9.12, 31.33
-8.90, 31.32
-8.75, 31.31
-8.43, 31.32
-8.66, 31.32
-7.94, 31.24
-7.76, 31.30
-7.05, 31.29
-7.24, 31.29
-6.31, 31.19
-5.85, 31.18
-5.76, 31.19
-5.57, 31.26
-6.23, 31.36
-5.68, 31.12
-5.67, 31.10
-4.84, 31.08
-4.73, 31.16
-4.84, 31.25
-4.78, 31.16
-4.74, 31.16
-4.75, 31.18
-4.64, 31.00
-4.36, 31.07
-4.06, 31.06
-3.89, 30.91
-3.45, 30.90
-2.86, 30.88
-2.70, 30.80
-2.43, 30.86
-2.00, 30.78
-1.66, 30.84
-1.42, 30.85
-1.57, 30.85
-1.55, 30.85
-1.49, 30.93
-1.54, 30.85
-1.50, 30.85
-1.48, 30.78
-1.28, 30.70
-1.19, 30.83
-1.15, 30.76
-1.23, 30.93
-1.24, 31.01
-1.38, 31.10
-1.52, 31.02
-1.52, 31.10
-1.62, 31.02
-1.54, 30.87
-1.56, 30.95
-1.63, 31.17
-1.93, 31.11
-2.05, 30.96
-1.80, 30.78
-1.20, 30.76
-1.22, 30.91
-1.24, 31.01
-1.49, 31.10
-1.51, 31.02
-1.59, 30.95
-1.56, 30.87
-1.50, 30.87
BE
BS, S:3613,
-1.54, 30.93
47.86, 31.73
46.59, 34.32
45.07, 36.80
44.84, 37.86
43.72, 38.40
41.99, 38.26
42.00, 38.46
41.20, 38.69
39.94, 39.00
40.02, 39.42
38.97, 39.55
37.26, 39.97
36.03, 40.02
35.84, 40.25
34.58, 40.44
33.91, 40.67
32.60, 40.92
32.18, 41.02
31.49, 41.27
29.94, 41.43
29.76, 41.58
27.89, 41.76
27.72, 41.78
26.70, 42.00
25.85, 42.17
25.29, 42.21
23.94, 42.51
23.68, 42.53
22.27, 42.68
21.75, 42.69
20.93, 42.78
20.09, 43.17
19.04, 43.20
18.26, 43.43
17.28, 43.53
16.11, 43.54
15.26, 43.62
14.44, 43.61
13.79, 43.70
12.81, 43.62
11.89, 43.54
11.07, 43.46
10.28, 43.36
9.31, 43.29
8.41, 43.20
7.62, 43.27
6.62, 43.26
5.73, 43.22
4.99, 43.21
-34.71, 43.13
-49.75, 41.25
-55.51, 37.53
-44.22, 34.33
-43.33, 33.95
-39.56, 33.58
-41.33, 33.85
-39.88, 33.30
-38.71, 33.28
-37.98, 32.95
-35.20, 32.95
-36.39, 32.82
-33.20, 32.78
-32.71, 32.60
-32.05, 32.50
-30.75, 32.45
-29.94, 32.34
-27.43, 32.17
-26.13, 32.21
-25.52, 32.02
-23.74, 32.12
-22.56, 31.87
-21.60, 31.90
-20.88, 31.80
-19.23, 31.91
-18.44, 31.80
-18.07, 31.80
-17.57, 31.71
-16.96, 31.76
-15.32, 31.65
-15.64, 31.65
-14.64, 31.55
-13.66, 31.59
-14.06, 31.61
-13.11, 31.58
-13.50, 31.38
-12.39, 31.49
-10.58, 31.38
-10.97, 31.36
-10.14, 31.43
-9.53, 31.42
-9.85, 31.43
-9.20, 31.42
-10.09, 31.35
-8.71, 31.32
-8.29, 31.32
-7.98, 31.22
-6.28, 31.19
-6.28, 31.10
-5.24, 31.09
-4.34, 30.92
-3.89, 30.98
-3.53, 30.90
-3.58, 30.97
-3.40, 31.04
-3.42, 31.12
-3.34, 31.15
-3.39, 31.22
-3.37, 31.22
-3.34, 31.12
-3.32, 30.98
-3.36, 30.96
-3.35, 30.90
-3.29, 31.12
-3.42, 31.22
-3.85, 31.18
-3.82, 31.08
-3.85, 30.91
-3.20, 30.89
-3.25, 31.05
-3.13, 31.14
-3.33, 31.21
-3.41, 31.20
-3.35, 31.15
-3.41, 31.06
-3.39, 31.04
-3.36, 31.05
-3.23, 30.97
-3.26, 30.89
-2.53, 30.86
-1.95, 30.70
-1.42, 30.71
-1.11, 30.68
-0.77, 30.74
-0.58, 30.68
-0.52, 30.75
-0.57, 30.83
-0.56, 30.84
-0.51, 30.92
-0.55, 30.92
-0.58, 30.92
-0.61, 30.92
-0.59, 30.90
-0.60, 31.00
-0.75, 31.00
-1.09, 30.94
-1.21, 31.03
-1.30, 30.95
-1.30, 31.02
-1.29, 31.02
BE
BS, S:3614,
-1.34, 30.95
45.71, 31.73
45.33, 34.38
45.24, 36.99
43.94, 38.08
43.17, 38.57
42.25, 38.52
41.85, 39.05
41.16, 39.15
39.56, 39.50
38.82, 39.95
37.71, 39.87
37.09, 40.31
36.79, 40.51
34.74, 40.75
35.14, 40.85
33.61, 41.01
33.07, 41.18
31.97, 41.26
30.76, 41.36
30.79, 41.36
29.36, 41.52
28.78, 41.60
27.82, 41.75
26.78, 41.93
25.86, 41.96
25.00, 42.26
24.34, 42.35
22.85, 42.51
22.40, 42.61
21.57, 42.75
20.91, 42.85
19.65, 42.93
18.67, 43.02
17.97, 43.10
17.34, 43.28
16.32, 43.44
15.40, 43.44
14.71, 43.37
13.66, 43.39
12.63, 43.52
11.87, 43.61
11.03, 43.77
9.89, 43.85
9.22, 43.95
8.39, 43.96
7.39, 43.95
6.68, 43.87
5.74, 43.74
4.88, 43.70
-51.34, 43.58
-66.57, 40.86
-75.05, 35.62
-53.79, 30.89
-52.66, 30.39
-46.98, 30.40
-50.99, 30.73
-49.44, 30.17
-48.10, 30.05
-48.74, 29.59
-44.19, 29.54
-45.55, 29.43
-42.51, 29.37
-40.89, 29.23
-41.17, 29.15
-39.51, 29.01
-37.43, 28.84
-36.58, 28.73
-34.92, 28.58
-35.03, 28.66
-34.23, 28.55
-33.56, 28.53
-32.19, 28.39
-30.94, 28.35
-29.09, 28.28
-29.71, 28.31
-27.82, 28.16
-26.85, 28.13
-26.78, 27.96
-24.01, 27.96
-24.88, 27.90
-22.90, 27.91
-21.27, 27.80
-21.50, 27.87
-20.25, 27.84
-21.35, 27.88
-19.84, 27.83
-19.55, 27.75
-19.93, 27.74
-18.22, 27.62
-18.25, 27.69
-17.70, 27.60
-17.01, 27.67
-17.73, 27.69
-16.01, 27.56
-15.14, 27.53
-14.37, 27.43
-13.33, 27.48
-13.80, 27.51
-13.43, 27.50
-13.64, 27.42
-12.95, 27.40
-13.42, 27.41
-11.76, 27.36
-11.85, 27.30
-10.93, 27.27
-9.88, 27.24
-9.67, 27.16
-8.43, 27.13
-8.83, 27.07
-7.92, 27.05
-6.99, 27.18
-7.60, 27.20
-7.05, 27.26
-6.73, 27.20
-6.97, 27.20
-6.76, 27.18
-7.08, 27.19
-6.46, 27.16
-6.27, 27.17
-6.42, 27.32
-6.18, 27.34
-6.56, 27.28
-6.26, 27.11
-5.74, 27.06
-5.16, 27.06
-5.72, 27.16
-5.26, 27.16
-5.36, 27.32
-5.46, 27.32
-5.25, 27.16
-5.47, 27.16
-5.34, 27.07
-5.44, 27.07
-4.93, 26.90
-4.29, 26.97
-3.93, 26.94
-3.43, 26.86
-3.16, 26.86
-3.11, 26.86
-3.02, 26.94
-3.20, 26.96
-3.28, 27.11
-3.35, 27.11
-3.29, 27.10
-3.07, 26.89
-3.23, 26.86
-3.12, 26.88
-3.29, 27.10
-3.37, 27.20
BE
BS, S:3615,
-3.72, 27.12
47.44, 27.87
47.09, 30.50
46.44, 33.11
45.32, 34.24
44.69, 34.82
44.16, 34.77
41.99, 35.10
41.15, 35.22
41.26, 35.41
39.36, 35.68
39.18, 35.56
37.74, 35.89
37.56, 35.92
36.78, 36.07
34.76, 36.17
34.85, 36.23
33.49, 36.25
33.18, 36.31
32.10, 36.49
30.53, 36.59
29.85, 36.52
29.26, 36.74
28.19, 36.84
27.29, 36.90
26.58, 37.00
25.78, 36.94
24.90, 37.08
23.82, 37.24
23.10, 37.34
21.91, 37.43
21.45, 37.49
20.18, 37.43
19.47, 37.51
18.18, 37.66
17.47, 37.67
16.62, 37.58
15.72, 37.66
15.03, 37.76
14.00, 37.84
13.26, 37.76
12.25, 37.61
11.61, 37.59
10.41, 37.68
9.69, 37.76
8.61, 37.83
7.64, 37.85
6.98, 37.85
5.94, 37.78
4.98, 37.76
-27.24, 37.70
-45.21, 36.19
-50.58, 32.93
-40.17, 30.00
-41.40, 29.70
-37.91, 29.28
-39.41, 29.50
-37.63, 29.01
-36.46, 29.04
-35.45, 28.73
-33.86, 28.73
-34.99, 28.67
-32.82, 28.58
-31.89, 28.47
-30.11, 28.40
-30.09, 28.32
-29.52, 28.22
-28.15, 28.17
-26.85, 28.13
-26.58, 28.04
-26.19, 28.03
-25.59, 28.00
-23.35, 27.86
-23.16, 27.93
-21.86, 27.81
-22.82, 27.92
-21.20, 27.88
-20.39, 27.78
-20.71, 27.78
-18.18, 27.62
-19.09, 27.63
-16.99, 27.59
-16.79, 27.66
-16.17, 27.65
-15.89, 27.64
-16.13, 27.56
-14.95, 27.53
-14.37, 27.51
-13.58, 27.41
-13.70, 27.41
-12.65, 27.39
-11.91, 27.36
-10.85, 27.20
-10.07, 27.25
-10.46, 27.19
-9.27, 27.14
-9.13, 27.14
-8.95, 27.22
-8.67, 27.21
-9.16, 27.23
-8.71, 27.23
-8.63, 27.22
-8.26, 27.06
-7.93, 27.12
-7.32, 27.18
-7.09, 27.26
-7.01, 27.27
-6.82, 27.27
-6.76, 27.10
-6.10, 27.07
-5.18, 27.07
-4.99, 27.05
-4.93, 27.06
-4.89, 27.06
-4.88, 27.13
-4.93, 27.13
-4.90, 27.14
-4.88, 27.14
-5.05, 27.06
-4.95, 27.06
-4.47, 26.96
-3.76, 26.88
-3.23, 26.79
-3.03, 26.84
-2.75, 26.78
-2.64, 26.78
-2.66, 26.85
-2.70, 26.93
-2.80, 27.01
-2.67, 27.02
-2.69, 26.93
-2.66, 26.94
-2.68, 27.01
-3.09, 27.19
-3.64, 27.20
-3.69, 27.06
-3.70, 26.95
-3.50, 26.86
-3.37, 26.81
-3.28, 26.95
-3.24, 27.03
-3.29, 26.94
-3.43, 26.95
-3.26, 26.85
-2.94, 26.78
-2.95, 26.86
-2.83, 26.86
-2.71, 26.77
-2.08, 26.76
-1.31, 26.80
BE
BS, S:3616,
-1.04, 26.74
47.14, 27.48
45.32, 30.01
45.62, 32.49
44.93, 33.59
43.06, 34.12
42.73, 34.02
41.44, 34.35
41.59, 34.55
39.31, 34.75
38.94, 35.12
37.71, 35.22
37.92, 35.41
36.03, 35.56
35.05, 35.58
34.90, 35.75
33.62, 36.00
33.14, 36.00
32.09, 36.07
31.53, 36.09
31.45, 36.15
29.23, 36.33
28.76, 36.48
27.89, 36.65
26.97, 36.67
25.99, 36.69
24.93, 36.82
24.10, 36.82
23.75, 36.91
22.61, 36.86
21.70, 36.83
20.64, 36.69
20.19, 36.76
19.20, 36.69
18.59, 36.74
17.53, 36.75
16.41, 36.74
15.53, 36.82
14.49, 36.84
13.86, 36.84
12.96, 36.92
11.82, 36.84
11.16, 36.83
10.49, 36.83
9.36, 36.84
8.68, 36.84
7.53, 36.77
6.91, 36.84
5.90, 36.84
5.10, 36.85
-22.85, 36.77
-40.99, 35.40
-46.80, 32.48
-38.69, 29.87
-39.14, 29.71
-37.99, 29.38
-38.80, 29.41
-37.24, 28.95
-35.22, 28.92
-34.44, 28.69
-34.12, 28.71
-33.61, 28.55
-31.73, 28.46
-31.21, 28.37
-30.08, 28.32
-30.53, 28.33
-28.36, 28.18
-27.65, 28.15
-26.21, 28.03
-25.47, 27.93
-25.77, 28.01
-23.19, 27.85
-21.54, 27.72
-21.15, 27.78
-19.28, 27.73
-19.56, 27.74
-18.26, 27.69
-18.18, 27.70
-17.55, 27.61
-17.25, 27.67
-16.17, 27.65
-16.99, 27.52
-15.17, 27.62
-14.56, 27.52
-15.22, 27.45
-13.32, 27.34
-14.08, 27.43
-12.68, 27.46
-12.44, 27.48
-12.88, 27.41
-11.36, 27.21
-11.51, 27.27
-10.25, 27.33
-10.21, 27.32
-10.13, 27.27
-9.87, 27.33
-10.08, 27.25
-9.38, 27.16
-8.93, 27.08
-8.36, 27.13
-8.13, 27.12
-7.38, 27.11
-6.15, 27.00
-5.50, 26.99
-4.81, 27.05
-4.74, 26.98
-4.41, 26.97
-4.11, 27.05
-4.33, 27.05
-4.18, 27.05
-4.28, 27.05
-4.21, 27.06
-4.15, 26.98
-4.16, 26.90
-4.12, 26.89
-4.08, 27.12
-4.16, 27.21
-4.11, 27.21
-4.03, 27.05
-3.93, 26.87
-3.36, 26.94
-3.31, 26.88
-3.32, 27.03
-3.16, 26.96
-3.36, 27.03
-3.30, 27.03
-3.31, 26.95
-3.35, 26.95
-3.30, 26.88
-3.22, 26.79
-2.78, 26.79
-2.25, 26.76
-1.37, 26.74
-0.96, 26.76
-0.87, 26.81
-0.83, 26.82
-0.82, 26.89
-0.86, 26.96
-0.81, 26.99
-0.92, 26.98
-0.87, 26.92
-0.89, 26.89
-0.87, 26.90
-0.86, 26.91
-1.20, 27.16
-1.97, 27.17
-2.05, 27.01
-1.98, 26.85
-1.64, 26.82
-1.48, 26.90
BE
BS, S:3617,
-1.54, 26.91
46.69, 27.69
46.18, 30.31
44.34, 32.88
43.67, 33.94
43.67, 34.35
42.27, 34.18
41.96, 34.52
39.47, 34.60
39.97, 34.64
38.96, 34.92
37.55, 34.92
36.89, 35.14
36.05, 35.10
35.50, 35.23
34.73, 35.40
33.72, 35.47
32.82, 35.72
31.70, 35.82
30.74, 35.91
29.67, 36.00
29.41, 36.07
28.12, 36.17
27.21, 36.24
26.66, 36.25
25.64, 36.42
25.08, 36.56
23.79, 36.67
23.29, 36.67
22.45, 36.67
21.47, 36.74
20.49, 36.75
19.94, 36.84
18.97, 36.93
17.71, 37.16
16.90, 37.17
16.27, 37.16
15.34, 37.11
14.55, 37.18
13.85, 37.24
12.73, 37.01
11.81, 36.86
10.71, 36.84
10.25, 36.75
9.04, 36.61
8.38, 36.61
7.61, 36.59
6.58, 36.66
5.80, 36.59
4.93, 36.59
-23.00, 36.51
-38.46, 35.19
-44.62, 32.36
-39.00, 29.87
-38.32, 29.66
-38.69, 29.29
-37.65, 29.35
-36.67, 28.96
-37.50, 29.05
-35.02, 28.79
-34.10, 28.63
-32.84, 28.52
-30.50, 28.49
-31.21, 28.53
-30.62, 28.35
-29.51, 28.22
-27.73, 28.15
-26.33, 28.10
-25.53, 28.08
-25.78, 28.00
-24.23, 27.95
-22.82, 28.00
-23.63, 28.01
-21.89, 27.82
-21.89, 27.73
-19.77, 27.76
-19.00, 27.73
-19.02, 27.65
-17.65, 27.60
-16.97, 27.43
-15.17, 27.54
-14.50, 27.45
-14.18, 27.44
-12.95, 27.40
-12.88, 27.40
-12.41, 27.46
-11.88, 27.30
-12.01, 27.38
-12.38, 27.38
-11.06, 27.35
-11.18, 27.29
-11.35, 27.35
-11.04, 27.35
-10.46, 27.26
-9.84, 27.25
-9.77, 27.23
-9.03, 27.21
-8.90, 27.22
-8.69, 27.22
-9.09, 27.29
-8.69, 27.06
-7.08, 27.02
-6.91, 27.10
-5.88, 27.15
-6.26, 27.17
-6.20, 27.09
-5.63, 27.16
-6.14, 27.09
-5.62, 27.06
-5.28, 27.07
-4.79, 27.06
-4.65, 26.99
-4.35, 26.97
-3.64, 26.87
-3.08, 26.86
-2.97, 26.86
-2.71, 26.70
-2.49, 26.84
-2.33, 26.77
-1.97, 26.92
-1.90, 26.92
-2.06, 26.91
-1.96, 27.01
-2.17, 27.09
-2.08, 27.08
-1.99, 27.09
-2.04, 26.95
-1.99, 27.01
-2.04, 26.94
-2.00, 26.99
-2.02, 27.00
-1.99, 27.10
-2.54, 27.20
-2.90, 27.03
-2.93, 26.85
-2.50, 26.76
-2.33, 26.86
-2.48, 27.01
-2.49, 27.09
-2.58, 26.94
-2.53, 26.88
-2.46, 26.93
-2.60, 26.84
-2.47, 26.85
-2.44, 26.85
-2.47, 26.70
-2.06, 26.69
-1.21, 26.74
-0.85, 26.60
-0.50, 26.73
BE
BS, S:3618,
-0.15, 26.65
45.85, 27.44
45.16, 29.93
45.01, 32.39
43.24, 33.57
43.17, 34.03
42.43, 33.92
40.82, 34.28
41.05, 34.40
39.41, 34.74
38.66, 34.99
37.73, 35.07
36.60, 35.41
35.90, 35.42
35.76, 35.56
34.26, 35.65
33.20, 35.72
32.87, 35.90
31.89, 35.98
30.22, 36.15
29.99, 36.25
29.24, 36.19
28.40, 36.39
27.32, 36.42
26.48, 36.42
26.14, 36.50
24.70, 36.51
24.21, 36.36
22.88, 36.36
22.10, 36.50
20.83, 36.50
20.35, 36.50
19.85, 36.56
18.46, 36.66
18.10, 36.75
17.08, 36.83
16.28, 36.83
15.28, 36.84
14.41, 36.84
13.38, 36.76
12.47, 36.82
11.97, 36.90
10.98, 37.01
10.19, 37.02
9.37, 37.01
8.47, 36.86
7.55, 36.75
6.68, 36.74
5.86, 36.84
4.98, 36.91
-24.44, 36.84
-39.96, 35.49
-47.44, 32.56
-39.63, 29.97
-39.58, 29.74
-38.89, 29.37
-38.66, 29.43
-36.97, 28.85
-35.56, 28.85
-34.74, 28.66
-32.66, 28.65
-31.09, 28.44
-29.54, 28.46
-30.07, 28.32
-28.85, 28.35
-27.86, 28.16
-26.55, 28.12
-25.87, 28.02
-24.69, 27.90
-24.89, 27.98
-23.11, 27.94
-22.16, 27.90
-22.42, 27.91
-21.17, 27.79
-21.47, 27.86
-19.46, 27.81
-19.09, 27.73
-18.54, 27.70
-18.64, 27.64
-17.36, 27.68
-17.22, 27.68
-16.27, 27.58
-14.99, 27.46
-15.15, 27.45
-13.46, 27.42
-13.85, 27.44
-13.27, 27.41
-12.75, 27.47
-13.22, 27.49
-12.26, 27.39
-11.63, 27.30
-11.02, 27.29
-10.43, 27.27
-10.06, 27.25
-9.80, 27.16
-9.00, 27.14
-7.77, 27.12
-6.99, 27.10
-6.16, 27.08
-6.27, 27.09
-5.25, 27.07
-5.23, 27.06
-5.21, 27.00
-5.01, 27.13
-5.38, 27.15
-5.07, 27.14
-5.10, 27.14
-5.01, 27.14
-5.14, 27.15
-5.09, 27.15
-5.01, 27.15
-4.98, 27.15
-4.93, 27.06
-4.98, 26.99
-4.48, 26.98
-4.62, 27.04
-4.45, 27.13
-4.45, 27.22
-4.45, 27.06
-3.92, 26.88
-3.43, 26.86
-3.30, 26.94
-3.27, 27.03
-3.15, 27.02
-3.30, 26.96
-3.26, 26.94
-3.09, 26.93
-3.24, 26.86
-2.92, 26.85
-3.02, 26.87
-2.80, 26.78
-2.46, 26.77
-1.87, 26.68
-1.13, 26.80
-0.99, 26.74
-0.71, 26.74
-0.51, 26.71
-0.23, 26.66
-0.27, 26.74
-0.22, 26.81
-0.26, 26.89
-0.50, 26.98
-0.57, 26.98
-0.78, 26.97
-0.89, 26.99
-0.94, 26.98
-0.91, 26.92
-0.92, 26.91
-0.95, 26.89
-0.99, 27.07
BE
BS, S:3619,
-1.48, 27.16
46.38, 27.88
45.49, 30.38
44.57, 32.78
43.75, 33.83
42.18, 34.25
42.18, 34.15
41.36, 34.60
40.42, 34.80
39.32, 34.81
38.48, 35.18
37.67, 35.12
37.09, 35.46
36.32, 35.49
34.76, 35.48
34.32, 35.50
33.26, 35.58
32.39, 35.67
31.43, 35.67
30.91, 35.83
29.69, 35.99
29.10, 36.00
28.07, 36.24
27.37, 36.25
26.52, 36.32
25.34, 36.42
24.78, 36.42
23.41, 36.49
23.33, 36.56
22.25, 36.75
21.51, 36.84
20.38, 36.77
19.32, 36.84
18.86, 36.68
17.79, 36.90
17.18, 37.01
16.09, 37.00
15.30, 37.24
14.53, 37.24
13.60, 37.26
12.68, 37.19
12.12, 37.18
10.97, 37.11
10.19, 37.00
9.22, 36.85
8.33, 36.84
7.73, 36.67
6.63, 36.52
5.72, 36.59
4.97, 36.58
-23.65, 36.51
-38.49, 35.25
-46.41, 32.41
-38.01, 29.91
-39.53, 29.67
-37.14, 29.22
-38.45, 29.41
-37.16, 28.98
-34.44, 28.91
-36.01, 28.84
-32.96, 28.66
-32.85, 28.44
-30.91, 28.43
-30.15, 28.41
-29.08, 28.37
-29.65, 28.23
-27.62, 28.15
-28.37, 28.10
-25.57, 28.01
-25.28, 27.99
-25.05, 28.06
-23.33, 27.86
-22.77, 27.84
-21.71, 27.80
-19.16, 27.73
-19.06, 27.72
-18.75, 27.56
-17.79, 27.53
-15.89, 27.56
-15.92, 27.64
-15.26, 27.61
-16.40, 27.65
-15.02, 27.54
-14.94, 27.46
-14.44, 27.44
-13.34, 27.41
-13.58, 27.40
-12.50, 27.39
-12.25, 27.46
-11.92, 27.39
-12.37, 27.39
-10.60, 27.19
-10.12, 27.24
-9.37, 27.16
-8.95, 27.24
-9.73, 27.24
-9.07, 27.31
-9.91, 27.33
-9.08, 27.16
-9.12, 27.15
-8.37, 27.13
-8.42, 27.06
-7.25, 27.10
-6.43, 27.02
-4.98, 26.97
-4.37, 26.90
-3.87, 26.81
-3.36, 26.86
-3.26, 26.85
-3.06, 26.88
-3.12, 27.01
-3.13, 27.19
-3.55, 27.14
-3.57, 27.14
-3.58, 27.12
-3.65, 27.12
-3.64, 27.03
-3.61, 26.88
-3.63, 26.94
-3.54, 27.17
-3.60, 27.29
-3.70, 27.13
-3.59, 26.89
-3.08, 26.86
-3.02, 26.94
-3.07, 27.02
-2.98, 27.11
-3.08, 27.11
-3.02, 27.04
-3.24, 26.96
-3.04, 26.93
-3.05, 26.87
-3.01, 26.93
-2.96, 26.86
-2.45, 26.76
-1.88, 26.68
-1.16, 26.76
-1.01, 26.74
-0.91, 26.72
-0.75, 26.72
-0.86, 26.82
-0.86, 26.92
-0.85, 26.98
-0.81, 26.97
-0.85, 26.89
-0.86, 26.82
-0.84, 26.81
-0.90, 26.92
-1.19, 27.08
-1.77, 27.09
BE
BS, S:3620,
-1.72, 27.01
45.63, 27.75
45.92, 30.20
44.57, 32.63
43.77, 33.73
42.87, 34.19
41.51, 34.09
40.79, 34.44
39.88, 34.62
39.52, 34.70
38.73, 35.04
38.13, 34.95
36.33, 35.22
35.83, 35.25
35.07, 35.32
34.35, 35.42
33.58, 35.42
32.23, 35.63
31.64, 35.73
30.93, 35.90
30.21, 36.00
28.84, 36.15
28.24, 36.25
27.19, 36.11
26.47, 36.24
25.55, 36.25
24.70, 36.40
23.89, 36.50
22.78, 36.75
21.97, 36.69
21.35, 36.74
20.74, 36.68
19.38, 36.82
18.17, 36.91
18.23, 37.00
16.69, 37.09
16.52, 37.15
15.32, 37.24
14.58, 37.25
13.54, 37.26
12.64, 37.12
11.94, 37.10
10.92, 36.93
10.10, 36.85
9.12, 36.70
8.32, 36.61
7.62, 36.59
6.60, 36.50
5.80, 36.58
4.88, 36.59
-22.42, 36.53
-38.67, 35.23
-45.78, 32.36
-38.57, 29.86
-39.41, 29.65
-37.60, 29.22
-36.98, 29.30
-36.14, 28.88
-36.78, 28.96
-34.70, 28.69
-33.53, 28.69
-32.47, 28.57
-30.24, 28.33
-30.05, 28.40
-29.39, 28.37
-29.00, 28.28
-27.67, 28.16
-27.80, 28.09
-25.42, 27.99
-26.13, 28.02
-23.10, 27.94
-23.50, 27.94
-23.13, 27.85
-21.94, 27.73
-21.54, 27.80
-20.50, 27.83
-19.86, 27.67
-18.44, 27.71
-19.23, 27.65
-16.96, 27.58
-17.15, 27.59
-15.15, 27.45
-13.90, 27.44
-13.93, 27.43
-12.95, 27.40
-12.33, 27.32
-11.51, 27.37
-11.15, 27.36
-10.81, 27.35
-11.12, 27.36
-10.48, 27.27
-11.48, 27.36
-10.25, 27.34
-10.07, 27.25
-10.39, 27.26
-9.80, 27.16
-9.48, 27.24
-9.01, 27.14
-8.32, 27.13
-7.63, 27.25
-7.74, 27.22
-7.52, 27.29
-7.28, 27.18
-6.49, 27.09
-5.27, 27.06
-6.05, 27.09
-5.72, 27.23
-5.77, 27.16
-5.57, 27.16
-5.59, 27.08
-5.29, 27.07
-4.85, 26.99
-4.48, 26.89
-4.23, 26.98
-4.16, 26.96
-3.55, 26.80
-3.10, 26.78
-2.88, 26.85
-2.79, 26.85
-2.43, 26.77
-2.47, 26.83
-2.06, 26.91
-2.16, 26.99
-2.05, 27.01
-2.10, 27.09
-2.10, 26.94
-2.04, 26.94
-2.16, 27.00
-2.06, 26.93
-2.01, 26.83
-1.91, 26.98
-2.05, 27.14
-2.43, 27.11
-3.01, 27.04
-2.93, 26.87
-2.38, 26.70
-2.05, 26.92
-2.00, 27.07
-2.03, 27.09
-2.04, 27.09
-2.03, 26.94
-1.98, 26.94
-2.05, 26.93
-1.92, 26.91
-1.85, 26.78
-1.66, 26.82
-1.24, 26.68
-0.93, 26.66
-0.53, 26.73
-0.28, 26.71
BE
BS, S:3621,
-0.11, 26.58
45.56, 27.35
44.62, 29.92
43.97, 32.45
44.69, 33.55
42.95, 34.07
42.04, 33.95
41.03, 34.29
40.37, 34.50
39.46, 34.63
38.13, 34.88
38.04, 34.89
37.26, 35.37
35.41, 35.56
35.01, 35.50
33.49, 35.58
33.05, 35.73
32.53, 35.82
32.07, 35.98
31.10, 36.07
29.67, 36.18
29.27, 36.31
28.22, 36.50
27.68, 36.42
26.66, 36.57
25.62, 36.59
24.32, 36.58
24.62, 36.58
23.08, 36.59
22.02, 36.50
21.31, 36.50
20.18, 36.51
19.81, 36.58
19.34, 36.66
17.79, 36.75
16.84, 36.83
16.03, 36.91
15.32, 36.92
14.36, 36.86
13.43, 36.99
12.90, 36.86
11.66, 36.92
10.81, 36.85
9.90, 37.00
9.27, 37.09
8.34, 37.02
7.31, 36.86
6.52, 36.75
5.81, 36.75
4.86, 36.83
-23.17, 36.79
-41.31, 35.50
-48.11, 32.55
-39.76, 29.89
-39.00, 29.66
-38.63, 29.27
-37.15, 29.34
-38.58, 28.86
-35.06, 28.92
-33.24, 28.56
-32.12, 28.56
-31.07, 28.37
-30.14, 28.41
-29.68, 28.31
-28.22, 28.26
-27.39, 28.15
-27.30, 28.06
-25.81, 28.01
-26.17, 28.02
-24.09, 27.87
-24.18, 27.96
-22.49, 27.91
-23.33, 27.93
-21.25, 27.79
-21.64, 27.73
-19.62, 27.74
-18.54, 27.65
-18.45, 27.71
-19.40, 27.73
-18.10, 27.69
-17.61, 27.60
-16.18, 27.56
-14.90, 27.52
-14.70, 27.53
-14.45, 27.51
-14.73, 27.53
-13.83, 27.51
-13.25, 27.41
-12.83, 27.32
-12.41, 27.32
-11.39, 27.36
-11.40, 27.36
-10.27, 27.26
-9.02, 27.14
-9.55, 27.16
-8.20, 27.05
-7.47, 27.11
-6.43, 27.17
-6.04, 27.08
-6.40, 27.16
-5.89, 27.16
-6.12, 27.17
-5.73, 27.24
-6.03, 27.17
-5.76, 27.09
-6.21, 27.09
-5.48, 27.00
-5.43, 27.15
-5.31, 27.30
-5.23, 27.25
-5.04, 27.16
-5.53, 27.01
-4.81, 26.97
-4.36, 27.05
-4.51, 27.11
-4.38, 27.14
-4.53, 27.14
-4.36, 27.07
-4.33, 26.98
-4.32, 26.97
-4.21, 26.96
-4.17, 26.96
-3.86, 26.96
-3.38, 26.86
-2.73, 26.84
-2.42, 26.75
-1.81, 26.81
-1.43, 26.83
-1.31, 26.83
-1.21, 26.84
-1.27, 26.91
-1.34, 27.05
-1.43, 27.08
-1.60, 27.09
-1.64, 27.07
-1.58, 26.99
-1.71, 26.91
-1.57, 26.98
-1.62, 27.01
-2.14, 27.25
-2.80, 27.12
-2.90, 26.88
-2.62, 26.69
-2.38, 26.83
-2.37, 26.98
-2.30, 27.07
-2.37, 27.08
-2.54, 26.95
-2.48, 27.00
-2.46, 26.93
BE
BS, S:3622,
-2.47, 26.86
46.32, 27.62
44.33, 30.26
44.78, 32.74
43.26, 33.71
43.29, 34.01
42.26, 33.75
41.53, 34.09
40.07, 34.26
39.36, 34.43
38.32, 34.81
37.55, 34.88
36.91, 35.14
36.42, 35.24
34.81, 35.41
34.45, 35.50
33.53, 35.67
32.52, 35.82
31.48, 35.91
30.76, 36.07
30.16, 36.15
29.28, 36.17
28.34, 36.25
28.07, 36.27
26.29, 36.47
25.51, 36.65
24.73, 36.67
23.55, 36.67
23.14, 36.59
22.30, 36.82
21.59, 36.91
19.88, 36.86
19.63, 37.14
18.74, 37.17
17.68, 37.24
17.03, 37.26
16.10, 37.26
15.25, 37.25
14.30, 37.33
13.17, 37.26
12.71, 37.11
11.67, 36.93
10.98, 36.91
10.01, 36.84
9.39, 36.84
8.48, 36.83
7.52, 36.91
6.66, 36.92
5.79, 36.99
4.93, 36.93
-25.63, 36.84
-39.47, 35.44
-46.66, 32.52
-38.34, 29.93
-40.08, 29.72
-37.92, 29.43
-39.19, 29.51
-38.07, 28.97
-35.52, 28.91
-35.12, 28.69
-33.87, 28.71
-33.12, 28.61
-32.32, 28.49
-32.19, 28.32
-29.98, 28.32
-30.14, 28.24
-28.01, 28.23
-27.98, 28.16
-26.26, 28.03
-25.07, 27.99
-23.85, 27.95
-23.33, 27.85
-21.42, 27.87
-21.58, 27.80
-20.00, 27.76
-19.52, 27.80
-19.77, 27.76
-18.52, 27.71
-18.18, 27.70
-18.09, 27.62
-17.23, 27.52
-15.34, 27.54
-16.22, 27.57
-15.36, 27.63
-14.97, 27.47
-14.40, 27.44
-13.03, 27.40
-13.36, 27.40
-11.94, 27.37
-11.79, 27.38
-11.32, 27.36
-11.31, 27.36
-11.01, 27.36
-11.54, 27.30
-10.17, 27.25
-9.50, 27.23
-9.36, 27.23
-8.60, 27.05
-8.07, 27.05
-6.56, 27.09
-6.24, 27.01
-5.15, 27.06
-5.64, 27.07
-5.15, 27.06
-5.54, 27.15
-5.31, 27.16
-5.24, 27.16
-5.15, 27.08
-5.20, 27.07
-4.84, 26.99
-5.04, 27.05
-4.93, 27.22
-4.87, 27.31
-4.95, 27.23
-4.79, 26.99
-4.12, 26.89
-3.88, 26.95
-3.77, 26.97
-3.87, 27.06
-3.94, 27.13
-3.80, 27.12
-3.93, 26.97
-3.81, 26.94
-3.83, 26.95
-3.78, 26.96
-3.71, 26.80
-2.92, 26.79
-2.46, 26.76
-1.67, 26.82
-1.28, 26.69
-0.97, 26.74
-0.77, 26.74
-0.75, 26.73
-0.71, 26.90
-0.78, 26.89
-0.73, 26.82
-0.82, 26.99
-0.76, 26.99
-0.75, 26.92
-0.80, 26.98
-0.77, 26.92
-0.90, 27.00
-1.29, 27.08
-1.61, 27.08
-1.84, 27.08
-1.79, 27.02
-1.78, 27.09
-1.83, 27.01
-1.78, 27.00
-1.86, 27.07
BE
BS, S:3623,
-2.05, 27.16
46.36, 27.91
45.98, 30.42
44.25, 32.85
43.13, 33.81
42.64, 34.23
41.86, 34.16
40.44, 34.45
40.53, 34.67
39.29, 34.83
38.86, 35.15
38.21, 35.14
36.62, 35.47
36.08, 35.57
35.12, 35.65
34.62, 35.67
32.91, 35.75
32.53, 35.67
31.55, 35.60
31.08, 35.73
30.48, 35.81
29.42, 35.90
28.13, 36.07
26.47, 36.09
26.45, 36.15
26.15, 36.33
24.93, 36.42
23.81, 36.50
23.47, 36.59
22.32, 36.67
21.20, 36.75
20.68, 36.84
19.34, 36.99
18.88, 36.85
17.83, 36.84
16.78, 37.01
16.01, 37.07
15.42, 37.16
14.39, 37.04
13.35, 37.01
12.67, 37.01
11.77, 36.93
10.89, 37.00
9.96, 37.17
9.21, 37.19
8.36, 37.19
7.21, 37.18
6.72, 37.10
5.87, 37.16
4.96, 37.10
-23.85, 37.01
-39.73, 35.52
-46.50, 32.52
-38.24, 29.91
-37.67, 29.61
-37.62, 29.28
-36.78, 29.46
-37.14, 28.95
-34.28, 28.92
-33.91, 28.69
-32.52, 28.58
-32.21, 28.50
-30.74, 28.50
-31.11, 28.45
-29.88, 28.32
-29.13, 28.29
-27.59, 28.08
-26.83, 28.13
-26.20, 28.02
-25.54, 28.08
-24.68, 28.05
-23.74, 28.03
-24.12, 27.96
-21.51, 27.81
-21.87, 27.81
-19.85, 27.83
-19.12, 27.73
-19.11, 27.73
-19.65, 27.66
-17.96, 27.62
-17.77, 27.53
-16.38, 27.64
-15.15, 27.54
-15.10, 27.53
-14.09, 27.36
-13.56, 27.41
-12.52, 27.31
-11.46, 27.37
-10.59, 27.26
-10.95, 27.34
-9.95, 27.33
-10.66, 27.35
-9.93, 27.33
-9.81, 27.32
-10.31, 27.27
-9.48, 27.24
-9.58, 27.17
-8.77, 27.15
-8.57, 27.20
-8.05, 27.28
-8.84, 27.31
-8.04, 27.21
-7.52, 27.11
-6.39, 27.03
-5.95, 27.08
-5.72, 27.15
-6.18, 27.17
-5.65, 27.09
-5.47, 27.09
-5.66, 27.16
-5.55, 27.00
-5.11, 27.06
-4.92, 26.99
-4.79, 27.04
-4.15, 26.88
-3.45, 26.87
-2.94, 26.79
-2.81, 26.85
-2.59, 26.78
-2.46, 26.77
-2.39, 26.84
-2.36, 26.93
-2.50, 27.10
-2.81, 27.04
-2.83, 27.11
-2.79, 27.02
-2.90, 27.02
-2.83, 26.86
-2.85, 26.87
-2.91, 27.01
-2.85, 27.17
-3.36, 27.12
-3.39, 26.97
-2.97, 26.77
-2.51, 26.77
-2.42, 26.92
-2.50, 26.95
-2.48, 27.03
-2.59, 27.02
-2.44, 26.95
-2.59, 26.87
-2.45, 26.93
-2.55, 26.92
-2.48, 26.85
-2.52, 26.76
-2.02, 26.67
-1.04, 26.74
-0.66, 26.72
-0.47, 26.73
-0.29, 26.65
BE
BS, S:3624,
0.09, 26.64
46.06, 27.42
45.47, 29.97
44.60, 32.51
43.80, 33.63
43.41, 34.04
42.17, 33.87
41.73, 34.30
40.50, 34.54
39.40, 34.68
38.51, 35.14
37.59, 35.16
37.18, 35.25
36.51, 35.41
34.66, 35.57
34.83, 35.73
34.15, 35.82
33.20, 35.83
31.99, 35.89
30.60, 36.05
29.30, 36.15
28.78, 36.17
28.18, 36.40
27.19, 36.57
26.79, 36.57
25.59, 36.59
25.16, 36.58
23.80, 36.73
23.04, 36.67
22.31, 36.59
21.20, 36.67
20.69, 36.59
19.46, 36.59
18.60, 36.51
17.84, 36.50
17.10, 36.60
16.07, 36.74
15.24, 36.82
14.37, 36.84
13.94, 36.91
12.81, 36.92
11.72, 36.85
11.07, 36.75
10.18, 36.83
9.36, 36.84
8.34, 36.93
7.51, 37.01
6.66, 36.86
5.67, 36.76
4.87, 36.67
-38.06, 36.59
-55.14, 34.70
-64.95, 30.45
-51.39, 26.67
-49.59, 26.17
-47.70, 25.91
-47.14, 26.14
-45.99, 25.68
-47.98, 25.69
-44.59, 25.33
-42.50, 25.28
-41.24, 25.07
-40.59, 25.03
-39.32, 24.98
-40.35, 24.86
-37.81, 24.75
-37.30, 24.58
-37.15, 24.56
-35.42, 24.49
-35.87, 24.51
-34.71, 24.38
-33.41, 24.41
-32.14, 24.29
-32.17, 24.30
-30.18, 24.15
-30.82, 24.24
-28.04, 24.07
-27.40, 24.04
-27.31, 24.04
-26.65, 24.02
-25.82, 23.99
-26.29, 23.92
-25.19, 23.97
-24.30, 23.87
-23.12, 23.90
-22.66, 23.74
-21.71, 23.78
-22.01, 23.63
-20.09, 23.65
-19.01, 23.55
-18.41, 23.60
-18.03, 23.52
-18.23, 23.52
-18.33, 23.53
-17.74, 23.58
-16.82, 23.56
-17.42, 23.58
-16.42, 23.55
-16.20, 23.47
-15.63, 23.45
-15.27, 23.44
-14.54, 23.48
-15.14, 23.52
-14.58, 23.50
-15.07, 23.36
-13.78, 23.25
-13.12, 23.29
-12.08, 23.35
-12.66, 23.30
-11.39, 23.33
-12.26, 23.37
-11.38, 23.27
-11.14, 23.26
-10.81, 23.24
-10.70, 23.24
-9.90, 23.15
-10.07, 23.14
-8.88, 23.05
-7.91, 23.01
-7.54, 23.02
-7.10, 23.02
-6.59, 23.00
-6.56, 23.07
-6.25, 23.06
-6.07, 23.00
-6.59, 23.07
-6.14, 23.01
-6.57, 23.09
-5.94, 23.07
-6.35, 23.07
-6.06, 23.14
-6.62, 23.14
-6.20, 23.15
-6.58, 23.15
-6.06, 23.16
-6.29, 23.09
-5.91, 23.15
-6.71, 23.07
-5.80, 22.98
-6.31, 23.05
-5.73, 23.13
-5.89, 23.14
-5.65, 23.07
-5.74, 22.89
-4.22, 22.86
-4.14, 22.93
-4.11, 23.09
-4.19, 23.04
-4.00, 23.02
-4.22, 22.96
BE
BS, S:3625,
-3.95, 22.95
46.98, 23.70
46.27, 26.41
45.01, 29.01
44.55, 30.10
43.50, 30.50
42.89, 30.30
41.76, 30.49
41.00, 30.61
39.82, 30.64
39.48, 30.95
38.41, 30.90
37.70, 31.05
36.24, 31.23
36.09, 31.30
34.31, 31.54
34.24, 31.48
32.80, 31.79
32.10, 31.83
31.39, 31.90
30.37, 31.98
29.50, 31.98
28.92, 31.98
27.97, 32.06
27.03, 32.08
25.69, 32.15
24.95, 32.16
24.51, 32.15
23.01, 32.15
22.47, 32.14
21.76, 32.29
20.93, 32.31
19.67, 32.25
18.59, 32.40
18.27, 32.40
17.32, 32.40
16.33, 32.39
15.38, 32.32
14.52, 32.24
13.94, 32.16
12.83, 32.13
11.94, 31.99
11.10, 31.97
10.38, 31.90
9.41, 31.82
8.50, 31.82
7.89, 31.80
6.81, 31.82
5.83, 31.82
5.11, 31.73
-18.18, 31.68
-35.45, 30.59
-41.84, 28.00
-37.20, 25.74
-37.59, 25.48
-37.39, 25.14
-36.88, 25.17
-36.47, 24.86
-34.07, 24.76
-34.59, 24.73
-33.15, 24.57
-33.24, 24.51
-31.67, 24.27
-30.47, 24.31
-28.52, 24.09
-30.08, 24.22
-28.37, 24.07
-28.92, 24.09
-26.52, 24.01
-26.01, 24.00
-25.55, 23.89
-25.24, 23.96
-23.59, 23.84
-23.35, 23.84
-21.70, 23.70
-20.52, 23.67
-19.54, 23.65
-19.04, 23.62
-18.46, 23.61
-18.37, 23.52
-17.27, 23.43
-16.38, 23.55
-17.45, 23.57
-16.32, 23.54
-16.54, 23.47
-15.71, 23.45
-15.51, 23.45
-14.69, 23.35
-15.31, 23.35
-14.19, 23.41
-13.85, 23.33
-13.93, 23.41
-13.81, 23.32
-12.47, 23.20
-11.84, 23.12
-11.00, 23.17
-10.58, 23.17
-10.43, 23.24
-10.03, 23.23
-10.14, 23.22
-10.52, 23.16
-9.36, 23.06
-8.93, 23.05
-8.59, 23.11
-8.16, 23.02
-7.50, 23.01
-6.87, 23.00
-6.01, 22.98
-5.47, 22.90
-5.29, 22.89
-5.09, 22.96
-5.33, 23.03
-5.13, 23.05
-5.16, 23.13
-5.04, 23.13
-5.03, 23.07
-5.00, 23.20
-5.21, 23.12
-4.93, 23.05
-4.88, 22.96
-4.81, 22.94
-4.89, 23.11
-4.84, 23.21
-5.02, 23.13
-4.78, 22.82
-4.11, 22.86
-3.95, 22.93
-3.88, 23.10
-3.96, 23.04
-4.12, 23.10
-4.06, 23.04
-3.99, 22.94
-3.96, 22.86
-3.93, 22.86
-3.76, 22.85
-3.75, 22.85
-3.36, 22.77
-2.81, 22.75
-2.50, 22.74
-2.35, 22.74
-2.40, 22.76
-2.44, 22.82
-2.36, 22.76
-2.35, 22.83
-2.44, 22.83
-2.38, 22.83
-2.40, 22.83
-2.47, 22.90
-2.47, 22.99
-2.78, 23.01
BE
BS, S:3626,
-2.86, 22.93
45.76, 23.65
45.19, 26.16
44.84, 28.60
43.98, 29.66
42.35, 30.03
41.58, 29.87
41.10, 30.18
40.06, 30.36
39.85, 30.49
38.52, 30.85
37.62, 30.74
36.60, 30.87
35.91, 30.81
35.79, 30.88
34.77, 30.97
33.47, 30.98
32.36, 31.14
31.65, 31.23
30.55, 31.31
30.08, 31.40
28.61, 31.47
28.28, 31.48
27.43, 31.33
26.48, 31.55
25.35, 31.56
24.91, 31.72
23.87, 31.82
22.97, 31.66
22.10, 31.58
21.27, 31.65
20.56, 31.72
19.88, 31.82
18.88, 31.88
17.94, 31.90
17.06, 31.90
15.96, 31.89
15.29, 31.89
14.36, 31.82
13.92, 31.81
12.76, 31.66
11.88, 31.50
11.01, 31.48
10.25, 31.33
9.33, 31.31
8.38, 31.31
7.56, 31.31
6.89, 31.30
5.91, 31.40
5.02, 31.40
-15.75, 31.33
-34.76, 30.27
-40.57, 27.76
-34.69, 25.70
-35.60, 25.41
-34.90, 25.13
-35.73, 25.21
-36.00, 24.96
-35.05, 24.66
-33.44, 24.53
-32.92, 24.40
-30.16, 24.32
-32.27, 24.37
-30.28, 24.30
-30.15, 24.13
-28.02, 23.99
-28.97, 24.02
-26.45, 24.00
-26.91, 23.94
-25.15, 23.89
-24.05, 23.79
-22.30, 23.72
-22.65, 23.66
-20.25, 23.65
-20.32, 23.73
-18.79, 23.62
-17.95, 23.60
-18.10, 23.60
-17.46, 23.50
-17.73, 23.43
-16.95, 23.48
-16.39, 23.47
-15.13, 23.43
-16.11, 23.45
-14.62, 23.35
-15.11, 23.42
-13.90, 23.40
-13.65, 23.40
-13.70, 23.33
-14.04, 23.32
-13.08, 23.23
-13.58, 23.30
-11.78, 23.27
-10.89, 23.25
-11.34, 23.33
-11.15, 23.34
-10.90, 23.18
-10.01, 23.07
-9.08, 23.03
-7.87, 23.10
-8.74, 23.19
-8.05, 23.11
-7.97, 23.10
-7.82, 23.10
-7.55, 23.09
-6.82, 23.08
-7.21, 23.07
-6.31, 23.00
-6.30, 23.07
-6.04, 22.91
-5.22, 22.95
-4.90, 22.89
-4.63, 22.87
-4.12, 22.79
-3.88, 22.79
-3.56, 22.84
-3.47, 22.85
-3.66, 22.93
-3.48, 22.93
-3.58, 23.00
-3.53, 23.00
-3.45, 23.01
-3.49, 23.02
-3.67, 22.95
-3.44, 23.08
-3.48, 23.09
-3.50, 23.03
-3.48, 23.02
-3.46, 22.96
-3.53, 22.95
-3.42, 22.86
-3.42, 23.00
-3.57, 23.16
-3.66, 23.11
-3.82, 22.88
-3.26, 22.62
-2.78, 22.76
-2.77, 22.91
-2.86, 22.99
-2.76, 22.94
-2.86, 22.84
-2.75, 22.84
-2.74, 22.76
-2.71, 22.75
-2.82, 22.76
-2.67, 22.77
-2.82, 22.76
-2.37, 22.66
-1.85, 22.65
-1.16, 22.72
BE
BS, S:3627,
-1.10, 22.72
45.63, 23.46
44.53, 25.96
43.91, 28.33
43.40, 29.37
42.58, 29.77
42.01, 29.68
41.54, 30.01
39.85, 30.19
39.39, 30.33
38.43, 30.71
37.75, 30.70
37.17, 30.95
36.00, 30.98
35.36, 31.12
33.63, 31.15
33.18, 31.15
32.41, 31.31
31.79, 31.46
31.01, 31.47
29.47, 31.48
29.17, 31.40
28.32, 31.48
27.55, 31.56
26.40, 31.63
25.73, 31.67
24.56, 31.82
23.78, 31.73
23.18, 31.71
21.93, 31.75
21.37, 31.73
20.48, 31.73
19.63, 31.65
18.96, 31.57
18.25, 31.57
17.01, 31.50
16.27, 31.54
15.34, 31.57
14.58, 31.63
13.55, 31.64
12.52, 31.57
11.78, 31.63
10.88, 31.65
10.01, 31.50
9.37, 31.48
8.44, 31.55
7.51, 31.56
6.63, 31.64
5.84, 31.49
4.91, 31.40
-15.09, 31.32
-32.19, 30.23
-40.59, 27.76
-35.77, 25.77
-36.26, 25.45
-36.32, 25.08
-36.47, 25.05
-35.26, 24.79
-36.15, 24.73
-33.70, 24.55
-31.77, 24.37
-32.34, 24.38
-29.15, 24.19
-29.47, 24.20
-29.33, 24.11
-27.47, 24.04
-26.56, 24.02
-25.82, 23.99
-25.32, 23.90
-25.80, 23.91
-23.82, 23.76
-22.75, 23.81
-21.97, 23.79
-22.56, 23.88
-21.63, 23.78
-22.03, 23.71
-19.46, 23.63
-18.57, 23.61
-17.61, 23.58
-17.81, 23.51
-17.02, 23.48
-17.73, 23.50
-15.78, 23.45
-15.20, 23.43
-14.75, 23.36
-14.05, 23.34
-14.36, 23.33
-14.25, 23.26
-12.23, 23.20
-10.85, 23.23
-10.78, 23.18
-9.77, 23.14
-10.19, 23.15
-9.44, 23.14
-9.39, 23.22
-8.97, 23.21
-9.91, 23.23
-8.87, 23.12
-9.80, 23.13
-8.90, 23.12
-8.38, 23.03
-7.79, 23.10
-8.25, 23.19
-7.79, 23.25
-8.44, 23.13
-7.64, 23.00
-6.14, 22.98
-5.88, 22.98
-5.36, 23.05
-5.90, 23.06
-5.56, 23.05
-5.82, 22.98
-5.22, 23.05
-6.12, 22.97
-5.11, 22.88
-5.07, 22.96
-4.83, 22.96
-4.24, 22.86
-3.58, 22.85
-3.08, 22.69
-2.93, 22.68
-2.63, 22.75
-2.33, 22.74
-2.08, 22.81
-1.95, 22.83
-2.03, 22.84
-2.02, 22.97
-1.92, 22.98
-1.90, 23.06
-1.98, 23.01
-2.02, 23.07
-2.04, 23.07
-2.14, 23.06
-2.13, 23.06
-2.10, 23.01
-2.09, 22.99
-2.29, 22.93
-2.09, 23.01
-2.75, 23.10
-3.14, 23.01
-3.02, 22.78
-2.59, 22.73
-2.52, 22.91
-2.57, 23.00
-2.71, 22.99
-2.74, 22.94
-2.66, 22.92
-2.75, 22.84
-2.66, 22.76
-2.71, 22.75
BE
BS, S:3628,
-2.67, 22.75
45.83, 23.51
45.03, 26.12
44.39, 28.53
43.41, 29.46
42.56, 29.67
41.68, 29.49
40.30, 29.73
40.13, 29.81
40.03, 30.04
38.76, 30.38
37.31, 30.45
36.81, 30.72
35.85, 30.81
34.41, 30.97
34.35, 31.06
32.64, 31.21
32.35, 31.23
31.14, 31.29
30.49, 31.40
29.33, 31.48
29.02, 31.56
27.96, 31.48
26.97, 31.38
26.23, 31.41
25.45, 31.56
24.79, 31.64
23.85, 31.73
23.24, 31.80
22.36, 31.67
21.11, 31.80
20.15, 31.80
19.35, 31.73
18.66, 31.73
17.52, 31.65
16.86, 31.50
16.17, 31.55
15.42, 31.47
14.48, 31.40
13.57, 31.40
12.83, 31.33
11.84, 31.46
10.94, 31.48
9.98, 31.40
9.29, 31.40
8.36, 31.32
7.44, 31.39
6.67, 31.32
5.81, 31.25
4.88, 31.31
-15.52, 31.27
-33.66, 30.25
-41.30, 27.74
-35.77, 25.70
-35.34, 25.39
-35.74, 25.01
-34.77, 25.07
-36.71, 24.78
-34.20, 24.65
-35.06, 24.58
-31.65, 24.36
-30.96, 24.34
-29.30, 24.27
-30.25, 24.31
-29.31, 24.11
-28.09, 24.06
-27.16, 23.95
-26.87, 24.03
-25.32, 23.82
-25.76, 23.91
-23.63, 23.84
-21.78, 23.78
-22.71, 23.67
-20.20, 23.65
-19.94, 23.72
-19.18, 23.62
-18.24, 23.60
-17.43, 23.50
-17.95, 23.51
-16.70, 23.47
-16.88, 23.56
-15.22, 23.37
-14.84, 23.43
-15.30, 23.43
-14.20, 23.40
-14.69, 23.42
-13.74, 23.40
-13.53, 23.24
-13.30, 23.37
-14.07, 23.26
-12.49, 23.29
-12.90, 23.23
-11.13, 23.19
-11.02, 23.24
-10.44, 23.25
-11.26, 23.27
-10.36, 23.16
-10.23, 23.06
-8.57, 23.03
-8.11, 23.09
-8.34, 23.11
-8.11, 23.11
-7.99, 23.02
-7.62, 23.10
-7.19, 23.09
-6.35, 22.93
-6.88, 22.94
-5.98, 23.06
-6.03, 22.99
-5.23, 22.95
-4.78, 22.87
-4.18, 22.86
-4.27, 22.79
-3.80, 22.84
-3.58, 22.85
-3.45, 22.78
-3.38, 22.79
-3.55, 22.99
-3.42, 23.01
-3.40, 23.10
-3.40, 23.09
-3.44, 23.10
-3.40, 23.02
-3.54, 23.00
-3.37, 22.93
-3.50, 22.92
-3.43, 23.01
-3.49, 23.17
-3.76, 23.11
-3.84, 22.87
-3.28, 22.76
-2.82, 22.82
-2.85, 22.91
-2.78, 22.94
-2.82, 22.93
-2.88, 22.91
-2.76, 22.85
-2.72, 22.83
-2.88, 22.83
-2.79, 22.82
-2.92, 22.83
-2.69, 22.61
-2.16, 22.66
-1.25, 22.69
-0.96, 22.72
-0.75, 22.71
-0.78, 22.64
-0.60, 22.64
-0.66, 22.80
-0.65, 22.95
BE
BS, S:3629,
-0.90, 22.97
45.50, 23.74
44.95, 26.22
44.53, 28.65
43.47, 29.65
42.64, 29.91
41.36, 29.80
40.81, 30.12
39.66, 30.22
39.00, 30.21
38.05, 30.39
36.66, 30.44
36.02, 30.66
35.83, 30.65
34.85, 31.02
34.14, 31.13
33.45, 31.21
32.56, 31.37
31.20, 31.31
30.42, 31.38
29.86, 31.25
29.03, 31.39
27.70, 31.33
27.24, 31.31
26.34, 31.31
25.52, 31.31
24.90, 31.37
23.74, 31.40
23.17, 31.33
21.81, 31.48
21.27, 31.55
20.44, 31.63
19.71, 31.57
18.78, 31.65
17.63, 31.73
17.11, 31.73
15.86, 31.81
15.10, 31.68
14.21, 31.75
13.32, 31.81
12.30, 31.59
11.87, 31.63
10.93, 31.80
9.84, 31.75
9.24, 31.74
8.47, 31.56
7.40, 31.42
6.57, 31.41
5.66, 31.47
4.91, 31.55
-16.11, 31.49
-33.70, 30.41
-42.52, 27.87
-36.09, 25.74
-35.42, 25.46
-36.81, 25.16
-36.44, 25.05
-37.12, 24.71
-34.27, 24.60
-33.79, 24.45
-30.48, 24.40
-31.08, 24.27
-28.89, 24.25
-28.53, 24.10
-29.02, 24.10
-27.52, 23.97
-26.03, 23.99
-26.10, 23.92
-25.48, 23.90
-25.30, 23.82
-23.79, 23.84
-23.59, 23.78
-21.62, 23.78
-22.34, 23.80
-20.22, 23.73
-21.18, 23.76
-20.04, 23.73
-19.34, 23.64
-18.43, 23.53
-17.49, 23.43
-16.28, 23.47
-15.93, 23.54
-16.03, 23.54
-15.27, 23.44
-15.90, 23.44
-14.01, 23.41
-14.83, 23.35
-13.31, 23.24
-12.75, 23.29
-12.34, 23.29
-11.39, 23.19
-10.46, 23.16
-10.63, 23.15
-9.50, 23.13
-8.80, 23.12
-8.46, 23.04
-7.94, 23.02
-7.85, 23.10
-7.47, 23.17
-7.58, 23.17
-7.46, 23.10
-7.94, 23.11
-7.08, 23.10
-7.89, 23.19
-7.05, 23.17
-7.04, 23.15
-7.11, 23.09
-7.23, 23.02
-7.04, 23.02
-6.53, 23.07
-5.94, 23.06
-5.84, 23.06
-6.24, 23.15
-6.07, 22.99
-5.32, 22.81
-4.46, 22.93
-4.19, 22.95
-4.23, 22.95
-4.27, 23.03
-4.14, 23.01
-4.24, 23.02
-4.27, 22.88
-4.11, 22.86
-3.78, 22.85
-3.70, 22.85
-3.73, 22.87
-3.58, 22.78
-3.03, 22.83
-2.65, 22.75
-2.49, 22.68
-2.31, 22.66
-1.56, 22.78
-1.31, 22.81
-1.28, 22.81
-1.30, 22.89
-1.32, 22.88
-1.28, 22.97
-1.56, 23.06
-1.66, 23.07
-1.76, 23.07
-1.72, 22.98
-1.85, 22.91
-1.69, 22.97
-1.84, 23.05
-2.35, 23.15
-2.91, 23.02
-2.82, 22.76
-2.56, 22.60
-2.12, 22.81
-2.02, 22.98
BE
BS, S:3630,
-2.13, 23.06
45.76, 23.80
45.01, 26.35
43.91, 28.82
42.97, 29.77
42.26, 30.07
41.37, 29.89
41.24, 30.15
40.10, 30.21
38.54, 30.27
38.01, 30.47
37.44, 30.52
36.69, 30.78
35.52, 30.65
34.45, 30.65
33.62, 30.75
33.37, 30.87
32.21, 31.12
31.35, 31.15
30.30, 31.22
29.71, 31.30
28.78, 31.39
28.26, 31.54
26.94, 31.56
26.09, 31.58
25.03, 31.65
24.52, 31.64
23.45, 31.57
22.45, 31.79
22.18, 31.82
21.35, 31.82
20.18, 31.75
19.06, 31.65
18.60, 31.73
17.71, 31.88
17.14, 31.89
16.12, 31.97
14.93, 31.97
14.25, 31.91
13.38, 31.96
12.74, 31.89
11.83, 31.89
11.13, 31.82
10.38, 31.79
9.19, 31.72
8.29, 31.49
7.46, 31.46
6.65, 31.32
5.83, 31.31
4.85, 31.30
-14.88, 31.24
-32.72, 30.21
-41.59, 27.75
-35.05, 25.75
-35.82, 25.46
-36.64, 25.15
-36.42, 25.16
-35.44, 24.86
-36.71, 24.70
-34.08, 24.51
-33.50, 24.48
-32.07, 24.37
-30.93, 24.17
-29.73, 24.20
-30.44, 24.23
-28.50, 24.08
-27.10, 23.95
-25.70, 23.83
-25.47, 23.89
-24.74, 23.87
-24.01, 23.93
-23.21, 23.84
-22.36, 23.89
-22.33, 23.80
-20.29, 23.59
-21.28, 23.77
-20.15, 23.73
-18.83, 23.62
-18.14, 23.52
-17.22, 23.41
-15.84, 23.38
-16.11, 23.46
-14.60, 23.42
-14.26, 23.40
-13.70, 23.38
-13.03, 23.23
-12.77, 23.36
-13.06, 23.38
-12.30, 23.37
-12.04, 23.36
-11.94, 23.36
-11.73, 23.34
-11.98, 23.35
-11.59, 23.27
-11.08, 23.26
-10.22, 23.10
-10.47, 23.22
-9.24, 23.21
-10.43, 23.23
-9.73, 23.16
-9.27, 23.04
-7.91, 23.02
-7.47, 23.07
-6.84, 23.09
-7.21, 23.15
-6.94, 23.03
-6.50, 23.00
-6.93, 23.08
-6.09, 22.93
-6.10, 22.98
-5.68, 22.98
-5.50, 22.90
-4.86, 22.96
-4.67, 22.87
-3.83, 22.77
-3.70, 22.85
-3.37, 22.77
-3.10, 22.76
-3.11, 22.84
-3.01, 22.85
-3.25, 23.01
-3.13, 23.08
-3.06, 22.93
-3.10, 23.01
-3.18, 22.94
-3.04, 22.85
-3.10, 22.91
-3.04, 23.09
-3.51, 23.10
-3.74, 23.02
-3.67, 22.72
-2.96, 22.75
-2.81, 22.82
-2.86, 22.92
-2.84, 22.99
-2.90, 22.91
-2.89, 22.91
-2.82, 22.92
-2.84, 22.84
-2.85, 22.77
-2.75, 22.83
-2.96, 22.75
-2.48, 22.67
-1.79, 22.65
-0.87, 22.72
-0.73, 22.65
-0.64, 22.71
-0.59, 22.70
-0.47, 22.71
-0.45, 22.80
BE
BS, S:3631,
-0.50, 22.81
45.53, 23.59
44.96, 26.15
43.56, 28.61
43.43, 29.65
42.72, 30.05
41.36, 29.95
41.34, 30.15
40.44, 30.29
39.43, 30.43
38.36, 30.64
37.59, 30.67
36.63, 30.89
35.51, 30.97
34.75, 31.05
34.22, 31.05
32.82, 31.06
31.82, 31.21
31.24, 31.30
30.48, 31.46
29.82, 31.56
28.91, 31.63
28.07, 31.58
27.39, 31.55
26.42, 31.63
25.54, 31.65
24.29, 31.73
23.74, 31.65
23.16, 31.71
21.64, 31.63
20.79, 31.50
20.23, 31.48
19.71, 31.47
18.79, 31.54
17.51, 31.42
16.74, 31.56
15.81, 31.56
15.04, 31.65
14.22, 31.72
13.49, 31.73
12.38, 31.80
11.64, 31.73
10.92, 31.66
9.93, 31.72
9.33, 31.64
8.24, 31.63
7.28, 31.64
6.64, 31.73
5.83, 31.53
4.95, 31.50
-15.27, 31.41
-33.20, 30.30
-40.71, 27.82
-37.01, 25.72
-35.62, 25.45
-37.41, 25.10
-35.74, 25.12
-37.23, 24.81
-34.62, 24.62
-34.21, 24.55
-32.69, 24.40
-31.65, 24.37
-29.08, 24.19
-30.45, 24.23
-27.77, 24.06
-26.48, 24.01
-26.03, 23.99
-25.11, 23.82
-25.04, 23.89
-24.15, 23.94
-23.50, 23.84
-22.53, 23.89
-23.10, 23.82
-21.48, 23.70
-22.09, 23.86
-20.06, 23.65
-19.71, 23.72
-18.78, 23.62
-19.22, 23.55
-17.78, 23.52
-18.12, 23.58
-17.44, 23.58
-16.05, 23.46
-16.21, 23.46
-14.65, 23.34
-14.82, 23.34
-13.56, 23.38
-13.23, 23.24
-13.10, 23.30
-13.53, 23.24
-12.48, 23.28
-12.14, 23.28
-11.01, 23.18
-10.42, 23.17
-10.34, 23.09
-9.78, 23.15
-9.19, 22.97
-8.34, 23.03
-7.40, 23.01
-6.90, 23.08
-7.10, 22.95
-6.58, 23.06
-6.12, 23.07
-6.17, 23.08
-6.10, 23.08
-6.62, 23.16
-6.14, 23.15
-6.44, 23.06
-6.05, 22.97
-5.80, 23.06
-5.56, 23.13
-6.32, 23.24
-5.95, 23.07
-5.62, 22.84
-4.70, 22.94
-4.22, 22.93
-4.34, 22.95
-4.33, 23.02
-4.25, 22.94
-4.22, 22.95
-4.39, 22.87
-4.15, 22.86
-4.23, 22.87
-3.98, 22.87
-3.90, 22.86
-3.45, 22.77
-2.91, 22.75
-2.24, 22.74
-1.67, 22.73
-1.39, 22.80
-1.23, 22.79
-1.31, 22.81
-1.27, 22.74
-1.36, 22.82
-1.38, 22.98
-1.49, 23.00
-1.64, 22.99
-1.84, 23.07
-1.87, 23.07
-1.94, 23.07
-1.91, 22.99
-1.87, 22.91
-1.96, 22.96
-1.88, 23.07
-2.34, 23.15
-2.72, 23.02
-2.68, 22.76
-2.17, 22.66
-1.96, 22.88
-1.86, 22.98
BE
