#--------------------------------------
#Start time: 5.43.34.113
#End time: 5.45.46.224
#Calculated best PEEP: 23.2371#Algorithm used for best PEEP calculation: Finding best PEEP around descending minimum stiffness
#Values ascending: 
#PEEP:  21.9800 26.0300 29.9900
#Stiffness:  17.3458 21.0965 24.6955
#Values descending: 
#PEEP:  29.9900 26.0200 22.0100
#Stiffness:  24.6955 19.6159 16.8801
#--------------------------------------
#Raw data of breath cycles used in calculation: 
BS, S:3649,
-0.52, 22.71
45.48, 23.45
44.40, 25.93
44.51, 28.30
42.97, 29.39
42.14, 29.76
41.30, 29.63
40.71, 29.89
39.74, 30.03
39.24, 30.22
38.26, 30.63
37.17, 30.63
36.24, 30.87
35.72, 30.90
35.21, 30.96
34.25, 31.21
33.16, 31.37
32.34, 31.40
31.55, 31.30
30.57, 31.30
29.44, 31.46
28.54, 31.48
27.83, 31.56
27.09, 31.63
26.36, 31.64
25.12, 31.73
24.47, 31.73
23.53, 31.73
23.46, 31.79
21.73, 31.74
21.26, 31.59
20.00, 31.64
19.64, 31.57
18.53, 31.56
17.88, 31.57
16.88, 31.49
16.18, 31.63
15.26, 31.65
14.18, 31.72
13.82, 31.72
12.57, 31.73
11.57, 31.58
10.90, 31.50
9.93, 31.56
9.25, 31.72
8.20, 31.80
7.59, 31.73
6.51, 31.57
5.84, 31.35
4.96, 31.25
-15.85, 31.21
-33.32, 30.23
-42.49, 27.81
-36.44, 25.71
-35.33, 25.36
-36.97, 25.02
-35.55, 25.02
-37.45, 24.79
-34.08, 24.67
-32.67, 24.44
-32.34, 24.45
-30.21, 24.30
-30.38, 24.23
-28.90, 24.03
-27.48, 24.12
-27.35, 24.04
-26.41, 23.93
-26.69, 23.94
-25.35, 23.89
-24.31, 23.86
-22.45, 23.88
-22.89, 23.82
-22.44, 23.73
-21.67, 23.71
-20.99, 23.62
-19.43, 23.63
-19.71, 23.63
-17.67, 23.57
-16.88, 23.49
-17.15, 23.57
-16.21, 23.55
-17.18, 23.57
-15.85, 23.38
-15.14, 23.35
-14.96, 23.43
-13.79, 23.33
-14.28, 23.33
-12.68, 23.21
-11.51, 23.18
-10.92, 23.17
-10.07, 23.15
-10.59, 23.24
-9.51, 23.14
-9.39, 23.20
-9.49, 23.15
-9.18, 23.13
-9.22, 23.13
-8.80, 23.12
-8.61, 23.12
-8.49, 23.10
-8.29, 23.12
-8.31, 23.12
-8.13, 23.12
-7.52, 23.01
-6.55, 22.99
-5.79, 22.97
-5.97, 23.05
-5.96, 22.91
-5.77, 23.04
-5.31, 23.04
-5.59, 22.97
-5.34, 22.89
-5.03, 22.96
-4.95, 22.89
-4.70, 22.89
-4.30, 22.86
-3.50, 22.69
-2.90, 22.75
-2.84, 22.75
-2.57, 22.74
-2.47, 22.75
-2.33, 22.74
-1.89, 22.82
-1.97, 22.90
-1.91, 22.82
-2.02, 22.92
-2.00, 22.84
-1.90, 22.92
-1.99, 22.98
-1.92, 22.98
-1.97, 22.99
-1.92, 23.07
-2.03, 23.07
-2.07, 23.13
-2.08, 23.07
-2.05, 22.94
-2.06, 22.92
-2.12, 22.91
-2.06, 22.92
-2.13, 23.14
-2.63, 23.03
-2.77, 22.85
-2.43, 22.66
-1.56, 22.72
-1.47, 22.95
-1.61, 23.05
-1.67, 22.92
-1.78, 22.77
-1.64, 22.82
-1.58, 22.81
BE
BS, S:3650,
-1.66, 22.81
46.01, 23.57
44.96, 26.17
44.12, 28.64
43.11, 29.67
42.66, 29.91
41.94, 29.66
41.13, 29.87
40.10, 29.95
38.96, 30.09
38.21, 30.32
37.87, 30.37
36.88, 30.72
35.78, 30.60
35.04, 30.87
33.83, 31.06
32.92, 31.21
32.15, 31.31
31.17, 31.25
30.51, 31.33
29.88, 31.40
28.67, 31.56
28.33, 31.57
26.82, 31.55
25.67, 31.57
25.60, 31.64
25.24, 31.87
23.57, 31.82
22.80, 31.67
22.06, 31.72
21.22, 31.73
20.44, 31.90
19.55, 31.97
18.54, 31.97
17.63, 31.89
16.88, 31.90
15.88, 31.90
14.98, 31.90
14.07, 31.83
13.78, 31.88
12.50, 31.74
11.75, 31.64
10.83, 31.50
10.10, 31.42
8.99, 31.40
8.38, 31.31
7.52, 31.25
6.67, 31.38
5.73, 31.37
4.90, 31.24
-15.01, 31.19
-33.18, 30.18
-39.49, 27.71
-36.85, 25.71
-35.49, 25.40
-36.70, 25.15
-36.55, 25.13
-35.15, 24.75
-35.20, 24.56
-33.81, 24.55
-31.79, 24.45
-31.84, 24.45
-30.10, 24.22
-31.21, 24.26
-28.03, 24.07
-26.91, 24.10
-28.43, 24.07
-26.05, 24.01
-26.66, 23.94
-24.64, 23.87
-23.37, 23.84
-23.71, 23.84
-21.76, 23.79
-22.05, 23.65
-20.58, 23.73
-18.63, 23.62
-19.63, 23.57
-17.85, 23.51
-16.77, 23.48
-16.31, 23.46
-14.95, 23.43
-15.99, 23.53
-15.25, 23.43
-14.52, 23.48
-14.46, 23.41
-13.68, 23.33
-15.01, 23.35
-13.13, 23.30
-12.47, 23.22
-11.79, 23.33
-11.86, 23.36
-11.79, 23.36
-11.39, 23.27
-10.34, 23.16
-9.42, 23.13
-9.61, 23.14
-9.02, 23.05
-8.94, 23.11
-8.60, 23.18
-8.26, 23.18
-9.11, 23.12
-7.79, 23.10
-6.94, 23.08
-6.82, 23.08
-6.24, 22.99
-6.08, 22.91
-4.95, 22.95
-4.69, 22.95
-4.65, 22.95
-4.38, 22.95
-4.33, 22.95
-4.25, 22.86
-4.28, 22.93
-4.31, 22.96
-4.18, 22.95
-4.24, 22.93
-4.18, 23.02
-4.19, 23.11
-4.25, 23.20
-4.26, 22.98
-4.16, 22.88
-3.54, 22.82
-3.37, 22.83
-3.32, 22.92
-3.39, 22.93
-3.32, 22.93
-3.27, 22.93
-3.25, 22.79
-3.26, 22.84
-3.35, 22.85
-3.31, 22.84
-3.23, 22.78
-2.85, 22.75
-2.10, 22.59
-1.45, 22.72
-1.02, 22.66
-0.88, 22.70
-0.67, 22.72
-0.51, 22.65
-0.56, 22.78
-0.53, 22.88
-0.74, 22.96
-1.08, 22.97
-1.29, 22.98
-1.27, 22.91
-1.36, 22.98
-1.29, 22.98
-1.35, 22.90
-1.38, 22.95
-1.37, 22.99
BE
BS, S:3651,
-1.91, 23.00
45.50, 23.75
44.92, 26.22
43.57, 28.53
43.65, 29.53
42.45, 29.98
40.79, 29.85
41.39, 30.11
38.96, 30.28
38.62, 30.33
38.34, 30.68
37.85, 30.59
36.72, 30.80
35.51, 30.81
34.04, 30.81
33.91, 30.90
33.06, 31.04
32.35, 31.05
31.29, 31.13
30.29, 31.14
29.96, 31.23
28.72, 31.31
27.56, 31.33
27.08, 31.40
26.47, 31.63
25.60, 31.73
24.39, 31.67
23.30, 31.73
22.63, 31.88
21.90, 31.82
21.16, 31.88
20.17, 31.82
19.28, 31.82
18.61, 31.97
18.00, 31.97
16.97, 31.98
15.76, 31.90
14.96, 31.82
14.33, 31.90
13.23, 31.98
12.43, 31.90
11.73, 31.98
11.19, 31.98
10.01, 31.90
9.16, 31.89
8.11, 31.82
7.49, 31.75
6.62, 31.73
5.76, 31.57
4.73, 31.48
-14.67, 31.39
-34.52, 30.28
-39.44, 27.77
-33.65, 25.66
-35.18, 25.40
-34.12, 25.11
-36.62, 25.14
-35.50, 24.88
-33.56, 24.67
-34.65, 24.67
-32.70, 24.34
-32.42, 24.39
-30.35, 24.14
-29.46, 24.20
-29.25, 24.10
-29.53, 24.19
-27.76, 23.97
-25.84, 23.84
-24.48, 23.86
-24.21, 23.94
-23.76, 23.91
-23.34, 23.91
-22.81, 23.82
-22.17, 23.72
-22.35, 23.71
-20.17, 23.73
-19.18, 23.64
-19.10, 23.70
-18.08, 23.53
-17.71, 23.43
-16.02, 23.30
-14.82, 23.43
-14.86, 23.35
-13.65, 23.39
-13.52, 23.31
-13.10, 23.23
-12.65, 23.29
-12.41, 23.36
-12.29, 23.30
-11.87, 23.29
-11.75, 23.34
-11.62, 23.26
-10.75, 23.25
-11.32, 23.25
-10.23, 23.18
-10.04, 23.16
-10.68, 23.25
-9.63, 23.21
-10.05, 23.14
-9.12, 23.05
-7.91, 23.03
-9.11, 23.21
-7.95, 23.19
-8.36, 23.11
-7.15, 22.92
-5.68, 22.97
-6.19, 23.13
-5.71, 23.14
-5.67, 23.06
-5.81, 23.06
-5.64, 22.98
-6.02, 22.97
-5.13, 22.96
-4.65, 22.93
-4.67, 23.02
-4.51, 22.95
-4.40, 22.87
-3.73, 22.85
-3.34, 22.85
-3.11, 22.83
-2.75, 22.74
-2.55, 22.74
-2.26, 22.68
-1.85, 22.82
-1.78, 22.82
-1.87, 22.90
-1.89, 22.90
-1.89, 22.96
-1.88, 22.98
-1.88, 22.99
-1.96, 23.07
-1.91, 23.00
-1.91, 23.00
-2.03, 23.07
-2.01, 23.07
-2.15, 22.93
-2.02, 22.92
-2.03, 22.97
-2.06, 23.07
-2.41, 23.10
-3.12, 23.00
-2.91, 22.70
-2.39, 22.74
-2.17, 22.89
-2.05, 22.99
-2.29, 22.92
-2.06, 22.91
-2.10, 22.83
-2.07, 22.82
-1.80, 22.82
BE
BS, S:3652,
-1.66, 22.82
46.15, 23.56
44.68, 26.15
44.20, 28.55
44.26, 29.50
42.38, 29.77
41.79, 29.58
40.28, 29.89
40.07, 29.89
39.06, 30.09
38.40, 30.36
36.79, 30.29
35.63, 30.62
35.65, 30.64
34.96, 30.87
34.15, 31.06
33.34, 31.29
32.04, 31.31
31.49, 31.40
30.57, 31.48
29.22, 31.48
28.90, 31.48
27.69, 31.64
27.11, 31.65
26.12, 31.65
25.09, 31.65
24.82, 31.49
24.09, 31.65
22.84, 31.82
22.09, 31.82
21.30, 31.97
20.43, 32.05
19.37, 31.99
18.62, 31.98
17.74, 31.91
16.73, 31.90
16.11, 31.90
15.71, 31.81
14.61, 31.73
13.28, 31.65
12.79, 31.54
11.61, 31.56
11.02, 31.49
9.99, 31.57
9.32, 31.56
8.40, 31.65
7.50, 31.64
6.67, 31.57
5.73, 31.48
4.97, 31.47
-16.11, 31.40
-34.84, 30.37
-41.59, 27.88
-36.87, 25.73
-36.94, 25.31
-34.81, 24.94
-35.63, 25.05
-34.89, 24.80
-34.33, 24.67
-34.28, 24.65
-33.30, 24.34
-32.39, 24.39
-30.92, 24.25
-30.24, 24.30
-28.92, 24.10
-29.37, 24.11
-26.39, 23.85
-25.36, 23.83
-24.58, 23.86
-23.10, 23.90
-23.38, 23.83
-23.03, 23.90
-21.45, 23.70
-20.99, 23.76
-20.20, 23.67
-19.50, 23.65
-19.09, 23.62
-18.46, 23.53
-18.81, 23.62
-17.62, 23.58
-17.80, 23.51
-16.94, 23.33
-15.52, 23.35
-15.06, 23.35
-14.44, 23.40
-13.77, 23.39
-14.01, 23.32
-13.26, 23.30
-13.58, 23.30
-12.31, 23.28
-11.38, 23.26
-11.50, 23.25
-10.34, 23.17
-10.28, 23.08
-9.68, 23.14
-8.58, 23.11
-8.05, 23.09
-7.66, 23.09
-6.68, 23.08
-6.69, 23.08
-6.40, 23.01
-6.81, 23.15
-6.55, 23.16
-6.70, 23.08
-6.43, 23.08
-6.52, 23.00
-6.61, 23.06
-5.89, 23.06
-5.96, 23.21
-6.15, 23.23
-5.77, 22.99
-5.64, 22.82
-4.50, 22.87
-4.21, 22.87
-4.36, 23.08
-4.23, 23.03
-4.39, 22.95
-4.35, 22.95
-4.20, 22.96
-4.34, 22.94
-4.19, 22.93
-4.27, 22.94
-4.14, 22.86
-3.46, 22.84
-2.89, 22.69
-2.50, 22.74
-2.27, 22.67
-1.48, 22.66
-1.22, 22.73
-1.11, 22.78
-1.20, 22.73
-1.15, 22.81
-1.23, 22.96
-1.20, 22.98
-1.25, 22.97
-1.25, 22.90
-1.25, 22.98
-1.42, 22.91
-1.56, 22.92
-1.78, 23.00
-1.86, 23.07
-1.90, 23.06
-1.94, 22.97
-1.87, 22.97
-1.91, 23.05
-2.24, 23.16
-2.55, 23.08
-2.69, 22.71
-2.28, 22.59
-1.60, 22.81
BE
BS, S:3653,
-1.77, 22.89
45.21, 23.67
44.40, 26.25
44.49, 28.79
42.92, 29.76
42.40, 29.98
41.52, 29.80
41.01, 30.03
40.29, 30.18
39.02, 30.33
37.43, 30.55
37.02, 30.49
36.59, 30.72
35.34, 30.73
35.08, 30.88
34.48, 30.91
33.17, 31.05
32.26, 31.20
31.40, 31.31
31.00, 31.38
29.47, 31.56
28.98, 31.64
28.25, 31.64
26.90, 31.65
26.65, 31.72
25.46, 31.96
24.24, 31.82
23.65, 31.59
22.85, 31.73
21.73, 31.75
21.20, 31.81
20.07, 31.90
19.55, 31.97
18.59, 32.05
17.56, 31.92
16.98, 31.97
15.77, 31.98
14.89, 31.92
14.02, 31.82
13.47, 31.80
12.63, 31.65
11.85, 31.64
10.70, 31.57
10.04, 31.48
9.18, 31.48
8.43, 31.48
7.41, 31.48
6.62, 31.48
5.76, 31.40
4.90, 31.40
-15.70, 31.34
-32.63, 30.28
-41.70, 27.78
-35.60, 25.70
-34.71, 25.37
-35.98, 25.08
-35.10, 25.05
-35.51, 24.71
-33.61, 24.60
-32.90, 24.47
-32.52, 24.45
-30.98, 24.41
-30.93, 24.33
-30.14, 24.23
-28.27, 24.00
-28.00, 23.99
-26.82, 24.02
-25.85, 23.84
-25.69, 23.90
-23.96, 23.92
-24.53, 23.94
-22.79, 23.83
-22.48, 23.73
-21.46, 23.78
-20.46, 23.75
-19.82, 23.73
-19.32, 23.64
-18.00, 23.60
-18.42, 23.53
-16.79, 23.48
-16.01, 23.46
-15.04, 23.29
-14.53, 23.35
-14.35, 23.26
-13.91, 23.32
-13.07, 23.30
-13.07, 23.31
-12.36, 23.29
-12.55, 23.37
-12.34, 23.37
-12.14, 23.28
-11.87, 23.27
-11.39, 23.27
-10.85, 23.18
-10.96, 23.25
-10.81, 23.24
-10.21, 23.09
-10.37, 23.15
-9.13, 23.13
-8.91, 23.21
-9.68, 23.14
-8.94, 23.12
-8.02, 22.88
-7.33, 22.94
-6.53, 23.06
-6.59, 23.15
-6.42, 23.08
-6.57, 23.08
-6.28, 23.07
-5.81, 22.97
-5.81, 22.98
-5.52, 22.89
-5.13, 22.97
-5.14, 22.95
-4.66, 22.80
-4.25, 22.86
-3.57, 22.85
-3.45, 22.78
-3.32, 22.76
-2.94, 22.81
-2.84, 22.82
-2.86, 22.82
-2.77, 22.92
-2.94, 22.99
-2.85, 23.00
-2.85, 23.00
-2.87, 22.93
-2.74, 22.85
-2.85, 22.91
-2.86, 22.99
-3.00, 23.10
-3.51, 23.03
-3.32, 22.86
-2.89, 22.73
-2.48, 22.73
-2.52, 22.89
-2.57, 22.99
-2.54, 22.93
-2.54, 22.92
-2.50, 22.84
-2.55, 22.92
-2.51, 22.82
-2.53, 22.84
-2.42, 22.83
-2.45, 22.68
-1.86, 22.64
-1.07, 22.72
-0.80, 22.65
-0.79, 22.72
-0.62, 22.57
BE
BS, S:3654,
-0.53, 22.64
45.36, 23.43
45.40, 26.06
43.98, 28.66
43.65, 29.72
42.43, 30.13
41.66, 29.94
40.79, 30.15
39.87, 30.24
39.27, 30.34
38.61, 30.65
37.51, 30.73
36.42, 30.88
35.34, 30.89
34.60, 31.04
33.16, 31.14
32.76, 31.23
31.87, 31.47
31.57, 31.63
30.28, 31.65
29.94, 31.57
28.48, 31.71
27.90, 31.73
27.17, 31.52
26.22, 31.65
25.58, 31.56
24.35, 31.57
23.60, 31.43
22.80, 31.63
22.12, 31.64
20.84, 31.66
20.38, 31.81
19.30, 31.87
18.39, 31.83
17.75, 31.88
16.79, 31.74
16.06, 31.81
15.06, 31.95
14.40, 31.98
13.35, 32.06
12.76, 31.91
11.79, 31.82
11.00, 31.82
10.09, 31.75
9.16, 31.88
8.33, 31.90
7.27, 31.90
6.51, 31.90
5.80, 31.81
4.96, 31.81
-17.11, 31.74
-35.74, 30.60
-42.42, 27.95
-35.46, 25.68
-34.98, 25.41
-35.35, 25.06
-34.03, 25.13
-34.74, 24.73
-33.06, 24.65
-33.82, 24.55
-31.14, 24.41
-30.33, 24.25
-31.27, 24.33
-29.68, 24.21
-27.61, 24.13
-29.11, 24.10
-26.85, 24.02
-26.98, 23.95
-25.23, 23.89
-23.65, 23.92
-24.72, 23.88
-22.86, 23.82
-21.92, 23.79
-22.36, 23.81
-21.53, 23.77
-21.69, 23.62
-18.81, 23.62
-18.01, 23.67
-18.74, 23.70
-17.64, 23.51
-18.86, 23.54
-17.63, 23.43
-16.39, 23.47
-16.26, 23.46
-15.26, 23.43
-14.58, 23.34
-13.88, 23.33
-13.50, 23.31
-13.36, 23.23
-12.27, 23.27
-11.11, 23.25
-10.75, 23.25
-10.13, 23.23
-10.09, 23.21
-9.69, 23.15
-9.34, 23.15
-10.02, 23.23
-9.47, 23.15
-9.49, 23.14
-9.54, 23.13
-9.02, 23.12
-8.95, 23.18
-8.63, 23.20
-8.64, 23.28
-8.43, 23.13
-8.16, 22.89
-6.75, 22.99
-6.20, 23.06
-5.80, 23.06
-6.23, 23.06
-6.12, 23.07
-6.00, 23.05
-5.93, 23.05
-5.83, 22.99
-5.59, 22.99
-5.89, 23.05
-5.45, 22.98
-5.00, 22.82
-4.74, 22.87
-4.16, 22.85
-3.67, 22.85
-3.12, 22.77
-2.63, 22.68
-2.68, 22.83
-2.68, 23.07
-3.38, 23.11
-3.78, 23.09
-3.54, 22.87
-3.68, 22.71
-3.23, 22.75
-2.76, 22.77
-2.73, 22.77
-2.68, 22.91
-2.71, 22.92
-2.66, 22.77
-2.60, 22.67
-1.77, 22.58
-0.90, 22.71
-0.69, 22.70
-0.67, 22.79
-0.72, 22.72
-0.67, 22.79
-0.66, 22.73
-0.67, 22.80
-0.69, 22.86
-0.72, 22.82
-0.68, 22.81
-0.64, 22.96
-0.90, 22.97
-1.14, 22.91
BE
BS, S:3655,
-1.42, 22.98
46.00, 23.73
44.76, 26.30
43.56, 28.79
43.25, 29.84
42.79, 30.12
41.78, 30.00
40.81, 30.32
39.86, 30.24
39.14, 30.37
38.47, 30.63
37.40, 30.65
37.23, 30.94
36.65, 30.96
34.81, 31.29
34.08, 31.30
33.41, 31.45
32.52, 31.48
31.65, 31.57
30.49, 31.47
29.54, 31.48
28.69, 31.48
28.00, 31.48
26.93, 31.48
26.24, 31.48
25.65, 31.48
24.74, 31.55
23.88, 31.65
22.99, 31.73
22.20, 31.80
21.17, 31.81
20.76, 31.88
19.50, 31.82
18.58, 31.81
17.74, 31.97
16.77, 32.06
16.16, 32.07
15.20, 31.92
14.66, 31.82
13.37, 31.82
12.53, 31.83
11.88, 31.89
10.81, 32.05
10.17, 31.98
9.14, 31.98
8.35, 31.98
7.58, 31.82
6.65, 31.83
5.77, 31.73
4.89, 31.56
-15.56, 31.48
-34.46, 30.37
-40.50, 27.82
-34.81, 25.72
-36.67, 25.49
-34.96, 25.12
-36.94, 25.09
-34.59, 24.75
-33.88, 24.66
-34.43, 24.49
-31.75, 24.43
-31.90, 24.37
-30.05, 24.38
-29.43, 24.21
-30.16, 24.14
-27.80, 24.06
-26.53, 24.02
-25.79, 23.92
-24.90, 23.88
-24.36, 23.94
-23.85, 23.93
-22.60, 23.89
-22.56, 23.81
-23.25, 23.82
-20.90, 23.68
-20.34, 23.66
-20.09, 23.66
-18.62, 23.54
-17.82, 23.50
-17.30, 23.49
-16.07, 23.53
-16.43, 23.47
-15.05, 23.43
-14.62, 23.35
-15.54, 23.44
-13.66, 23.32
-14.01, 23.32
-13.39, 23.24
-12.94, 23.38
-13.36, 23.39
-13.25, 23.39
-13.19, 23.23
-11.74, 23.10
-10.84, 23.18
-10.36, 23.24
-10.32, 23.10
-9.57, 23.14
-9.60, 23.15
-9.34, 23.13
-9.14, 23.13
-8.85, 23.12
-8.35, 23.11
-7.79, 22.96
-7.81, 22.94
-6.34, 22.99
-5.51, 22.97
-5.96, 22.98
-4.96, 22.89
-4.51, 22.95
-4.37, 22.95
-4.22, 22.95
-4.40, 22.89
-4.34, 23.03
-4.33, 23.02
-4.36, 23.03
-4.46, 22.96
-4.38, 23.02
-4.38, 23.03
-4.29, 23.10
-4.40, 23.10
-4.27, 23.11
-4.36, 23.11
-4.33, 23.12
-4.31, 23.09
-4.28, 22.96
-4.33, 22.88
-4.04, 22.86
-4.05, 23.01
-4.20, 23.10
-4.05, 23.03
-3.85, 22.78
-2.89, 22.75
-2.63, 22.81
-2.76, 22.98
-2.78, 22.99
-2.71, 22.91
-2.75, 22.92
-2.69, 22.83
-2.62, 22.75
-2.65, 22.83
-2.66, 22.82
-2.64, 22.85
-2.65, 22.77
-2.45, 22.67
-1.83, 22.64
-1.17, 22.72
-0.99, 22.72
-0.78, 22.65
-0.57, 22.63
-0.28, 22.70
BE
BS, S:3656,
-0.31, 22.78
45.67, 23.53
46.01, 26.07
44.05, 28.63
43.19, 29.71
43.06, 30.01
41.84, 29.92
40.91, 30.26
40.21, 30.35
39.39, 30.49
38.44, 30.84
37.48, 30.80
36.07, 30.89
35.79, 30.90
34.76, 31.14
33.48, 31.38
33.09, 31.38
32.48, 31.38
31.31, 31.40
30.59, 31.48
29.75, 31.56
29.14, 31.73
27.96, 31.80
27.81, 31.82
26.47, 31.90
25.02, 31.75
24.38, 31.81
23.87, 31.88
22.95, 31.89
22.05, 31.82
21.17, 31.80
20.36, 31.80
19.29, 31.73
18.71, 31.72
17.81, 31.66
16.74, 31.65
16.13, 31.72
15.03, 31.73
14.46, 31.81
13.42, 31.80
12.38, 31.81
11.72, 31.87
10.79, 31.90
10.03, 31.97
9.17, 31.90
8.42, 31.89
7.54, 31.82
6.62, 31.64
5.75, 31.73
4.95, 31.75
-18.09, 31.70
-36.02, 30.55
-40.18, 27.88
-35.84, 25.68
-36.08, 25.51
-36.48, 25.20
-35.76, 25.15
-36.56, 24.86
-33.90, 24.67
-33.22, 24.53
-33.51, 24.50
-30.90, 24.33
-31.27, 24.34
-29.85, 24.21
-27.88, 24.05
-27.96, 24.05
-26.57, 23.86
-24.93, 23.80
-24.50, 23.87
-23.70, 23.92
-22.89, 23.90
-22.88, 23.74
-23.01, 23.81
-20.97, 23.69
-21.74, 23.72
-20.24, 23.67
-19.18, 23.56
-19.31, 23.71
-17.99, 23.53
-18.51, 23.53
-17.58, 23.59
-17.26, 23.49
-15.66, 23.36
-14.67, 23.34
-14.91, 23.43
-14.07, 23.41
-14.57, 23.35
-13.70, 23.24
-13.27, 23.38
-14.09, 23.25
-12.23, 23.28
-12.00, 23.35
-11.61, 23.26
-10.80, 23.17
-9.91, 23.07
-9.07, 23.12
-8.41, 23.04
-8.03, 23.10
-7.82, 23.09
-7.41, 23.09
-7.06, 23.16
-7.71, 23.10
-6.94, 23.07
-7.01, 23.01
-6.60, 23.14
-6.26, 23.22
-6.91, 23.24
-6.48, 23.16
-6.37, 22.99
-5.26, 22.90
-5.64, 22.96
-4.96, 22.97
-4.83, 22.96
-4.91, 22.96
-4.77, 22.95
-4.91, 22.96
-4.73, 22.89
-4.47, 22.95
-4.49, 22.88
-4.24, 22.87
-3.82, 22.85
-3.30, 22.76
-2.74, 22.74
-2.57, 22.73
-2.52, 22.75
-2.50, 22.75
-2.54, 22.83
-2.60, 22.85
-2.56, 22.93
-2.55, 22.92
-2.59, 22.99
-2.51, 22.86
-2.45, 22.76
-2.52, 22.91
-2.61, 23.08
-3.29, 23.01
-3.23, 22.78
-2.76, 22.59
-2.08, 22.65
-1.70, 22.88
-1.86, 22.96
-1.82, 22.92
-1.80, 22.90
-1.85, 22.84
-1.78, 22.81
-1.77, 22.82
-1.76, 22.89
-1.81, 22.89
-1.74, 22.68
-1.35, 22.65
BE
BS, S:3657,
-0.78, 22.57
46.01, 23.33
44.85, 25.90
44.80, 28.35
44.57, 29.41
42.72, 29.90
41.16, 29.75
40.15, 30.01
40.06, 29.97
38.63, 30.23
38.15, 30.61
38.06, 30.62
36.57, 30.97
35.79, 30.98
35.81, 30.97
34.46, 31.05
33.51, 31.20
32.55, 31.23
31.25, 31.31
30.54, 31.40
29.88, 31.48
28.86, 31.63
28.20, 31.64
27.41, 31.65
26.63, 31.57
25.49, 31.65
24.40, 31.49
23.87, 31.57
22.84, 31.55
21.81, 31.35
21.27, 31.46
20.38, 31.55
19.33, 31.57
18.80, 31.70
17.80, 31.80
17.15, 31.72
16.28, 31.79
15.13, 31.73
14.14, 31.73
13.45, 31.65
12.58, 31.81
11.48, 31.95
10.87, 31.90
10.18, 31.69
9.15, 31.57
8.24, 31.55
7.50, 31.63
6.55, 31.72
5.85, 31.80
4.95, 31.66
-16.72, 31.60
-34.43, 30.50
-43.60, 27.92
-36.21, 25.75
-35.05, 25.43
-35.97, 25.03
-35.50, 25.03
-34.25, 24.63
-32.82, 24.54
-32.33, 24.42
-30.13, 24.31
-31.18, 24.35
-29.21, 24.26
-28.48, 24.16
-28.42, 24.08
-27.52, 23.97
-26.38, 23.85
-25.23, 23.90
-24.69, 23.95
-23.79, 23.84
-22.86, 23.90
-22.83, 23.82
-21.89, 23.79
-22.47, 23.73
-21.00, 23.68
-19.81, 23.73
-20.55, 23.67
-19.45, 23.57
-18.18, 23.60
-17.63, 23.43
-17.49, 23.57
-16.91, 23.49
-16.44, 23.40
-15.09, 23.35
-14.10, 23.32
-14.67, 23.42
-13.53, 23.33
-12.72, 23.37
-13.49, 23.38
-11.95, 23.29
-11.62, 23.27
-11.46, 23.26
-10.87, 23.24
-10.73, 23.25
-10.78, 23.17
-9.63, 23.14
-8.86, 23.12
-8.44, 23.03
-7.19, 22.93
-6.72, 22.93
-6.51, 22.92
-6.01, 23.06
-5.61, 22.97
-5.83, 23.06
-5.49, 23.05
-6.37, 23.06
-5.70, 22.99
-5.53, 23.05
-5.71, 23.06
-5.73, 23.06
-5.59, 23.06
-5.58, 23.05
-6.02, 23.05
-5.59, 22.98
-5.51, 22.98
-5.47, 22.97
-4.81, 22.96
-4.98, 22.96
-4.83, 23.04
-4.77, 22.98
-4.87, 22.90
-3.86, 22.71
-3.34, 22.82
-3.08, 22.89
-3.12, 22.99
-3.03, 22.93
-3.07, 22.85
-3.13, 22.77
-2.99, 22.77
-3.11, 22.83
-2.90, 22.82
-2.92, 22.84
-3.03, 22.83
-2.70, 22.67
-2.12, 22.72
-1.28, 22.72
-1.11, 22.72
-0.82, 22.70
-0.63, 22.62
-0.49, 22.70
-0.40, 22.71
-0.49, 22.86
-0.45, 22.81
-0.57, 22.88
-0.94, 22.97
-1.06, 22.91
-1.32, 22.98
-1.37, 22.97
-1.34, 22.97
-1.33, 22.88
BE
BS, S:3658,
-1.34, 22.88
45.84, 23.63
45.37, 26.26
43.78, 28.86
43.55, 29.83
41.77, 30.02
41.86, 29.80
41.54, 30.16
39.82, 30.29
39.11, 30.42
38.85, 30.79
37.15, 30.79
36.44, 30.95
35.70, 30.91
34.60, 31.12
33.80, 31.07
32.53, 31.22
32.01, 31.15
31.42, 31.29
30.70, 31.25
29.76, 31.23
28.84, 31.31
28.05, 31.46
26.77, 31.55
26.26, 31.55
25.51, 31.58
24.56, 31.79
23.58, 31.75
22.82, 31.75
22.00, 31.73
21.25, 31.81
20.28, 31.88
19.51, 31.97
18.42, 31.98
17.46, 31.83
16.68, 31.74
15.97, 31.81
15.16, 31.82
14.40, 31.89
13.63, 31.90
12.67, 31.97
11.78, 31.98
10.87, 31.97
10.15, 31.89
9.11, 31.82
8.32, 31.82
7.48, 31.52
6.72, 31.42
5.78, 31.40
4.83, 31.31
-14.85, 31.24
-33.60, 30.19
-40.16, 27.74
-34.93, 25.71
-36.32, 25.45
-35.20, 25.12
-35.93, 25.06
-35.38, 24.74
-33.01, 24.64
-34.08, 24.52
-32.72, 24.45
-31.88, 24.45
-29.98, 24.30
-30.33, 24.23
-28.24, 23.92
-26.99, 24.03
-27.31, 23.96
-25.15, 23.97
-26.11, 23.99
-24.52, 23.95
-23.05, 23.82
-23.59, 23.91
-22.00, 23.79
-21.50, 23.70
-20.45, 23.74
-20.90, 23.67
-18.56, 23.60
-17.11, 23.49
-17.47, 23.50
-15.96, 23.45
-15.40, 23.44
-15.19, 23.50
-14.93, 23.43
-14.93, 23.43
-14.51, 23.35
-14.27, 23.34
-13.81, 23.33
-14.06, 23.26
-13.33, 23.22
-12.15, 23.35
-12.20, 23.36
-12.70, 23.31
-11.90, 23.28
-10.25, 23.15
-10.33, 23.15
-9.39, 23.13
-8.87, 23.11
-9.09, 23.13
-8.64, 23.05
-8.94, 23.12
-8.62, 23.05
-8.22, 23.11
-8.07, 23.10
-7.87, 23.10
-6.98, 23.00
-5.91, 22.98
-5.72, 22.96
-4.62, 22.86
-4.27, 22.85
-3.90, 22.85
-3.62, 22.85
-3.69, 22.85
-3.70, 23.00
-3.73, 22.95
-3.85, 23.10
-3.87, 23.04
-3.78, 23.10
-3.74, 23.09
-3.76, 22.95
-3.68, 22.87
-3.64, 23.00
-3.70, 23.17
-3.79, 23.12
-3.78, 22.88
-3.47, 22.75
-2.84, 22.81
-2.84, 22.92
-2.94, 23.08
-3.08, 22.95
-3.00, 22.94
-3.02, 22.86
-3.00, 22.85
-2.92, 22.90
-2.93, 22.91
-3.13, 22.91
-2.91, 22.69
-2.33, 22.59
-1.50, 22.71
-0.97, 22.72
-0.98, 22.71
-0.80, 22.71
-0.72, 22.63
-0.72, 22.87
-0.75, 22.95
-0.91, 22.96
-0.92, 22.89
-1.05, 22.97
-1.02, 22.81
-0.94, 22.81
-1.06, 22.81
BE
BS, S:3659,
-1.20, 23.05
45.59, 23.80
44.51, 26.30
44.15, 28.67
42.81, 29.63
42.44, 29.96
41.42, 29.91
40.66, 30.21
39.83, 30.30
39.22, 30.49
37.75, 30.80
37.61, 30.71
36.59, 30.95
35.37, 31.05
34.09, 31.05
34.17, 31.05
33.36, 31.15
32.32, 31.15
32.02, 31.13
30.75, 31.30
29.80, 31.37
28.93, 31.48
27.98, 31.54
27.09, 31.55
26.16, 31.63
24.95, 31.52
24.77, 31.64
23.57, 31.80
23.00, 31.90
22.06, 31.97
21.21, 31.90
20.01, 31.75
18.98, 31.73
18.55, 31.88
17.59, 31.88
16.60, 31.97
15.84, 31.92
15.13, 31.92
14.01, 32.05
13.48, 31.90
12.47, 31.97
11.60, 31.85
11.15, 31.74
9.77, 31.65
9.31, 31.49
8.26, 31.48
7.38, 31.40
6.68, 31.30
5.74, 31.30
5.05, 31.23
-16.54, 31.18
-33.96, 30.18
-39.77, 27.74
-37.00, 25.70
-35.38, 25.46
-35.74, 25.08
-34.81, 25.09
-34.30, 24.74
-33.87, 24.58
-33.28, 24.53
-32.24, 24.38
-30.72, 24.34
-31.61, 24.34
-29.85, 24.29
-29.16, 24.09
-28.62, 24.00
-26.34, 24.01
-25.98, 23.99
-24.91, 23.88
-25.56, 23.90
-23.73, 23.92
-22.68, 23.89
-23.22, 23.83
-21.21, 23.70
-20.44, 23.74
-19.75, 23.64
-19.79, 23.66
-18.09, 23.45
-17.22, 23.48
-16.42, 23.41
-15.53, 23.45
-15.17, 23.43
-14.59, 23.33
-13.81, 23.31
-13.64, 23.24
-13.89, 23.32
-13.05, 23.22
-12.10, 23.36
-12.50, 23.37
-11.88, 23.28
-11.47, 23.34
-11.23, 23.25
-11.69, 23.26
-10.86, 23.18
-10.57, 23.24
-11.01, 23.18
-10.09, 23.23
-10.00, 23.15
-9.79, 23.13
-8.95, 23.12
-8.89, 23.19
-9.02, 23.21
-9.27, 23.07
-7.64, 22.88
-6.80, 22.98
-6.08, 23.06
-5.79, 23.07
-6.18, 22.99
-6.01, 22.99
-5.77, 23.06
-5.51, 22.97
-5.86, 22.97
-5.16, 22.95
-4.90, 22.95
-4.94, 22.96
-4.58, 22.87
-3.98, 22.79
-3.49, 22.78
-3.23, 22.78
-2.90, 22.76
-2.69, 22.75
-2.63, 22.75
-2.48, 22.75
-2.60, 22.83
-2.53, 22.91
-2.61, 22.91
-2.54, 23.06
-2.67, 23.08
-2.75, 22.99
-2.74, 22.92
-2.79, 22.92
-2.78, 22.91
-2.74, 22.92
-2.65, 22.85
-2.81, 22.99
-2.79, 23.01
-3.03, 23.02
-2.97, 22.84
-2.69, 22.67
-2.29, 22.67
-2.02, 22.90
-2.11, 22.91
-2.10, 22.99
-2.05, 22.91
-2.06, 22.75
-1.82, 22.67
-1.63, 22.74
-1.53, 22.82
-1.62, 22.82
-1.45, 22.73
BE
BS, S:3660,
-0.95, 22.64
45.23, 23.40
44.60, 25.91
44.11, 28.34
42.91, 29.42
43.57, 29.75
42.06, 29.61
40.24, 29.92
40.39, 29.89
39.34, 30.21
37.97, 30.71
36.97, 30.70
36.52, 30.89
36.25, 31.04
34.44, 31.20
34.17, 31.30
33.48, 31.39
32.85, 31.32
31.23, 31.46
30.33, 31.48
29.60, 31.56
28.94, 31.57
28.07, 31.55
26.95, 31.56
25.79, 31.64
25.94, 31.73
24.59, 31.83
23.95, 31.89
22.87, 31.90
22.10, 31.89
20.96, 31.90
20.41, 31.83
19.66, 31.83
18.77, 31.89
17.88, 31.75
17.19, 31.72
16.11, 31.73
15.15, 31.62
14.30, 31.57
13.44, 31.57
12.60, 31.56
11.75, 31.71
10.95, 31.72
10.04, 31.73
9.22, 31.73
8.37, 31.65
7.60, 31.57
6.53, 31.57
5.67, 31.42
4.84, 31.55
-16.59, 31.51
-35.09, 30.47
-41.05, 27.87
-34.76, 25.65
-35.83, 25.49
-34.92, 25.13
-37.14, 25.17
-35.26, 24.80
-33.51, 24.66
-33.22, 24.54
-32.46, 24.44
-31.57, 24.36
-29.55, 24.28
-30.13, 24.22
-28.43, 24.00
-26.56, 24.01
-25.72, 23.82
-25.55, 23.90
-23.50, 23.84
-22.29, 23.81
-22.60, 23.81
-22.01, 23.79
-20.79, 23.75
-20.25, 23.74
-21.10, 23.69
-19.36, 23.72
-18.61, 23.54
-19.32, 23.62
-18.73, 23.61
-17.87, 23.59
-17.61, 23.50
-17.82, 23.51
-15.96, 23.46
-15.00, 23.43
-15.32, 23.30
-13.65, 23.33
-13.75, 23.33
-13.82, 23.40
-13.47, 23.24
-12.42, 23.18
-10.79, 23.24
-11.06, 23.25
-10.43, 23.24
-11.16, 23.19
-10.63, 23.24
-10.02, 23.15
-9.91, 23.14
-9.67, 23.07
-8.50, 23.04
-7.99, 23.10
-8.31, 23.03
-7.24, 22.95
-6.49, 22.99
-6.24, 22.98
-5.66, 22.91
-5.16, 22.96
-4.59, 22.95
-4.52, 22.95
-4.38, 22.95
-4.47, 22.94
-4.34, 22.95
-4.36, 23.02
-4.47, 23.09
-4.37, 23.11
-4.42, 23.12
-4.28, 23.03
-4.43, 23.03
-4.21, 23.03
-4.29, 22.96
-4.32, 22.95
-4.36, 22.95
-4.34, 23.03
-4.29, 23.04
-4.38, 22.97
-4.31, 22.80
-3.42, 22.76
-3.11, 22.84
-3.26, 22.99
-3.10, 23.01
-3.10, 22.86
-3.28, 22.84
-3.09, 22.68
-2.82, 22.74
-2.75, 22.76
-2.83, 22.84
-2.78, 22.77
-2.57, 22.68
-2.23, 22.66
-1.32, 22.71
-1.18, 22.72
-1.00, 22.72
-0.91, 22.72
-0.79, 22.72
-0.69, 22.72
-0.64, 22.64
-0.67, 22.79
-0.68, 22.88
-0.70, 22.88
-0.78, 22.90
-0.90, 22.97
BE
BS, S:3661,
-0.99, 22.97
45.71, 23.72
45.18, 26.30
44.61, 28.82
43.96, 29.85
42.40, 30.23
41.51, 30.02
40.86, 30.34
39.59, 30.52
39.05, 30.59
38.45, 30.81
37.17, 30.71
36.50, 30.89
35.52, 30.90
34.99, 31.05
33.74, 31.31
33.09, 31.40
32.14, 31.40
31.03, 31.39
30.40, 31.40
29.65, 31.56
29.21, 31.65
28.09, 31.65
27.21, 31.57
26.36, 31.57
25.53, 31.48
24.83, 31.40
23.75, 31.46
22.55, 31.48
21.96, 31.55
20.99, 31.64
20.36, 31.73
19.38, 31.81
18.60, 31.90
17.94, 31.82
16.66, 31.90
15.96, 31.90
15.14, 31.82
14.42, 31.97
13.39, 31.96
12.63, 31.97
11.84, 31.91
10.73, 31.74
10.05, 31.65
9.16, 31.72
8.34, 31.73
7.43, 31.80
6.63, 31.82
5.85, 31.73
5.00, 31.73
-16.46, 31.65
-34.52, 30.51
-40.81, 27.91
-36.64, 25.77
-35.88, 25.42
-37.38, 24.97
-34.78, 25.04
-34.64, 24.61
-32.51, 24.61
-33.08, 24.53
-32.75, 24.47
-30.54, 24.26
-30.66, 24.24
-29.82, 24.21
-28.24, 24.15
-27.69, 24.05
-27.32, 23.96
-26.03, 23.84
-25.00, 23.89
-25.55, 23.98
-23.84, 23.86
-22.51, 23.80
-21.60, 23.71
-21.84, 23.70
-20.28, 23.74
-19.22, 23.70
-20.03, 23.73
-19.36, 23.56
-18.52, 23.61
-17.20, 23.42
-18.29, 23.51
-16.81, 23.48
-15.39, 23.44
-15.17, 23.35
-13.98, 23.32
-13.51, 23.24
-12.00, 23.19
-12.27, 23.28
-11.06, 23.18
-10.58, 23.24
-10.51, 23.24
-11.05, 23.18
-10.36, 23.32
-10.09, 23.31
-10.64, 23.25
-10.41, 23.24
-10.16, 23.22
-9.60, 23.07
-9.82, 23.14
-8.61, 23.12
-8.20, 23.18
-9.12, 23.20
-8.35, 23.13
-7.80, 22.94
-6.39, 22.99
-6.61, 23.05
-5.92, 23.14
-5.97, 23.13
-5.79, 23.06
-6.53, 23.00
-5.73, 23.06
-5.63, 22.97
-5.27, 22.96
-4.99, 22.89
-4.99, 22.89
-4.48, 22.87
-3.70, 22.71
-3.46, 22.78
-3.09, 22.76
-2.78, 22.83
-2.75, 22.75
-2.73, 22.68
-2.71, 22.81
-2.61, 22.90
-2.67, 22.85
-2.75, 22.99
-2.74, 23.00
-2.72, 23.00
-2.67, 23.00
-2.80, 23.00
-2.71, 23.00
-2.67, 23.00
-2.78, 23.00
-2.70, 22.85
-2.73, 22.92
-2.67, 22.99
-2.88, 23.09
-3.06, 23.00
-2.91, 22.77
-2.50, 22.66
-2.35, 22.82
-2.26, 22.99
-2.43, 23.08
-2.68, 22.85
-2.61, 22.85
-2.60, 22.76
-2.48, 22.75
-2.57, 22.75
-2.47, 22.81
-2.46, 22.76
BE
BS, S:3662,
-2.47, 22.68
45.24, 23.42
45.37, 25.94
44.19, 28.39
43.19, 29.36
42.12, 29.73
42.00, 29.57
41.46, 29.90
39.90, 30.10
39.09, 30.25
38.31, 30.70
37.08, 30.65
36.47, 30.86
35.40, 30.90
35.23, 30.96
34.34, 31.14
33.07, 31.30
31.86, 31.24
31.56, 31.23
30.58, 31.30
29.49, 31.38
28.93, 31.48
27.72, 31.56
27.08, 31.64
26.26, 31.80
25.55, 31.66
24.69, 31.72
23.73, 31.80
22.83, 31.82
22.24, 31.82
21.34, 31.75
20.05, 31.73
19.50, 31.63
18.64, 31.65
17.83, 31.57
17.01, 31.57
15.99, 31.65
15.34, 31.57
14.40, 31.65
13.38, 31.65
12.72, 31.63
11.83, 31.65
10.78, 31.65
9.97, 31.72
9.26, 31.73
8.31, 31.73
7.47, 31.80
6.59, 31.73
5.85, 31.65
4.98, 31.64
-2.83, 31.57
-16.49, 31.00
-19.46, 29.86
-22.03, 29.20
-22.15, 28.85
-22.74, 28.34
-21.12, 28.22
-22.16, 28.12
-21.14, 28.09
-21.02, 28.06
-20.47, 27.79
-21.19, 27.86
-18.79, 27.63
-18.46, 27.55
-17.09, 27.44
-15.60, 27.54
-15.02, 27.45
-14.29, 27.43
-12.59, 27.31
-10.64, 27.26
-10.80, 27.25
-9.47, 27.17
-8.65, 27.07
-8.11, 27.13
-8.59, 27.13
-7.01, 27.18
-6.59, 27.17
-6.25, 27.17
-6.11, 27.09
-6.20, 27.17
-5.69, 27.16
-5.95, 27.10
-5.81, 27.08
-6.22, 27.01
-5.42, 27.07
-5.43, 26.99
-4.95, 27.04
-4.79, 27.04
-4.65, 27.14
-4.70, 27.14
-4.65, 26.99
-3.78, 26.87
-3.02, 26.86
-2.90, 26.94
-2.99, 27.02
-2.94, 26.94
-2.85, 26.94
-2.86, 26.93
-2.94, 26.86
-2.79, 26.86
-2.77, 26.84
-2.71, 26.85
-2.57, 26.78
-1.98, 26.75
-1.03, 26.74
-0.75, 26.73
-0.48, 26.73
-0.16, 26.65
0.04, 26.72
-0.04, 26.79
0.02, 26.89
-0.02, 26.89
-0.02, 26.89
-0.03, 26.82
-0.08, 26.82
-0.03, 26.81
-0.02, 26.88
-0.21, 26.99
-1.01, 27.07
-1.17, 26.99
-1.13, 26.76
-0.75, 26.74
-0.73, 26.81
-0.67, 26.90
-0.66, 26.98
-0.67, 26.99
-0.73, 26.92
-0.69, 26.91
-0.66, 26.82
-0.73, 26.81
-0.72, 26.82
-0.70, 26.82
-0.56, 26.59
-0.11, 26.63
0.33, 26.64
0.51, 26.71
0.53, 26.72
0.52, 26.70
0.55, 26.80
0.52, 26.82
0.44, 26.88
0.24, 26.89
0.21, 26.82
0.27, 26.80
0.25, 26.87
0.17, 26.90
-0.66, 27.06
-0.88, 26.99
-0.89, 26.75
-0.65, 26.72
BE
BS, S:3663,
-0.48, 26.73
45.57, 27.48
43.89, 30.03
43.66, 32.44
42.35, 33.46
41.54, 33.85
41.30, 33.67
40.20, 33.98
39.11, 34.18
38.26, 34.34
38.26, 34.55
36.88, 34.56
35.55, 34.81
35.04, 34.74
34.57, 34.88
33.15, 35.06
32.33, 35.17
31.98, 35.32
30.44, 35.48
30.04, 35.66
29.45, 35.82
28.18, 35.91
27.69, 36.00
26.68, 36.08
25.74, 36.17
24.89, 36.16
24.15, 36.17
23.41, 36.32
22.12, 36.50
21.31, 36.59
21.03, 36.58
19.87, 36.51
19.30, 36.59
18.38, 36.66
17.27, 36.76
16.52, 36.82
16.06, 36.97
14.76, 36.92
13.89, 36.91
13.26, 36.84
12.38, 36.84
11.59, 36.76
10.73, 36.54
9.89, 36.51
9.01, 36.36
8.26, 36.25
7.25, 36.10
6.49, 36.02
5.68, 35.92
4.79, 36.00
-19.94, 35.94
-37.59, 34.74
-43.38, 32.06
-37.78, 29.79
-37.72, 29.59
-36.44, 29.20
-35.40, 29.18
-37.10, 28.87
-34.06, 28.85
-33.50, 28.65
-31.76, 28.55
-31.87, 28.47
-29.26, 28.38
-29.76, 28.32
-28.10, 28.34
-26.88, 28.14
-27.47, 28.07
-25.86, 27.86
-23.14, 27.85
-22.28, 27.90
-23.28, 27.86
-21.58, 27.87
-20.55, 27.77
-19.51, 27.82
-19.64, 27.67
-18.90, 27.71
-18.44, 27.62
-16.90, 27.58
-15.79, 27.48
-15.11, 27.40
-14.49, 27.44
-13.31, 27.41
-12.33, 27.23
-12.13, 27.37
-11.05, 27.29
-10.39, 27.32
-10.14, 27.26
-10.66, 27.19
-9.90, 27.19
-9.65, 27.25
-9.40, 27.24
-9.82, 27.25
-9.43, 27.24
-9.13, 27.16
-8.70, 27.14
-7.89, 27.12
-7.82, 27.19
-6.79, 27.18
-6.78, 27.26
-6.77, 27.26
-7.11, 27.04
-5.73, 27.01
-5.16, 27.00
-4.52, 27.12
-5.16, 27.16
-5.03, 27.15
-4.95, 27.15
-4.88, 27.08
-4.95, 26.99
-4.43, 26.97
-4.39, 27.04
-4.29, 27.04
-4.16, 26.95
-3.54, 26.87
-2.80, 26.79
-2.62, 26.84
-2.28, 26.76
-1.77, 26.83
-1.36, 26.83
-1.35, 26.91
-1.31, 26.90
-1.30, 26.91
-1.26, 26.91
-1.31, 26.99
-1.22, 26.91
-1.23, 26.91
-1.27, 26.99
-1.35, 26.91
-1.36, 27.00
-1.68, 27.08
-1.98, 27.17
-2.00, 27.10
-2.04, 27.09
-1.91, 27.00
-1.94, 27.01
-1.97, 27.08
-2.10, 27.18
-2.45, 27.11
-2.47, 26.87
-1.97, 26.69
-1.26, 26.89
-1.23, 26.98
-1.26, 27.01
-1.44, 27.00
-1.42, 26.93
-1.40, 26.91
-1.47, 26.84
-1.44, 26.90
-1.38, 26.90
-1.55, 26.85
BE
BS, S:3664,
-1.49, 26.78
45.98, 27.52
45.15, 30.02
43.64, 32.40
42.59, 33.38
42.44, 33.75
41.13, 33.58
40.10, 33.87
40.19, 34.01
39.02, 34.31
37.75, 34.70
37.33, 34.72
36.73, 35.13
35.31, 35.24
34.46, 35.39
34.05, 35.43
33.19, 35.66
31.49, 35.83
31.06, 35.90
31.03, 36.07
29.50, 36.15
28.46, 36.25
27.80, 36.40
26.78, 36.48
26.03, 36.50
25.38, 36.51
24.35, 36.57
23.75, 36.67
22.91, 36.82
21.88, 36.92
21.07, 37.06
20.18, 37.09
19.32, 37.24
18.33, 37.25
17.51, 37.26
16.64, 37.26
15.75, 37.18
14.86, 37.09
14.31, 37.08
13.76, 37.01
12.51, 36.84
11.88, 36.85
10.79, 36.91
10.11, 36.85
9.09, 36.92
8.36, 36.91
7.46, 36.98
6.61, 36.91
5.64, 36.84
4.83, 36.85
-24.03, 36.79
-39.64, 35.44
-47.88, 32.53
-38.84, 29.92
-38.64, 29.65
-38.65, 29.34
-39.68, 29.47
-37.46, 28.95
-34.50, 28.89
-35.27, 28.71
-33.46, 28.74
-32.55, 28.59
-30.73, 28.50
-32.04, 28.40
-29.32, 28.37
-29.93, 28.24
-27.26, 28.06
-26.81, 28.11
-25.11, 28.00
-24.35, 28.04
-22.98, 27.92
-21.44, 27.80
-21.08, 27.78
-19.98, 27.82
-19.07, 27.65
-18.51, 27.71
-18.20, 27.62
-17.67, 27.60
-18.20, 27.63
-16.28, 27.57
-15.63, 27.56
-14.62, 27.53
-15.34, 27.54
-14.29, 27.44
-13.83, 27.44
-13.57, 27.43
-13.80, 27.42
-12.01, 27.30
-10.69, 27.33
-10.49, 27.34
-10.45, 27.34
-10.44, 27.26
-9.86, 27.33
-9.67, 27.24
-9.35, 27.15
-9.63, 27.16
-8.26, 27.14
-7.99, 27.12
-6.58, 27.17
-6.68, 27.03
-5.80, 27.08
-5.39, 27.07
-4.86, 26.98
-4.50, 26.90
-4.18, 26.96
-4.27, 26.97
-4.07, 26.96
-3.89, 27.04
-4.10, 27.21
-4.38, 27.29
-4.36, 27.15
-4.24, 26.97
-3.80, 26.87
-3.48, 26.95
-3.49, 26.95
-3.47, 26.95
-3.45, 27.03
-3.48, 27.03
-3.64, 26.95
-3.49, 26.94
-3.32, 26.87
-3.05, 26.86
-2.76, 26.79
-2.42, 26.75
-1.68, 26.68
-1.28, 26.83
-1.12, 26.81
-1.06, 26.76
-1.06, 26.82
-1.10, 26.96
-1.11, 26.98
-1.13, 26.99
-1.08, 26.91
-1.06, 26.91
-1.06, 26.82
-1.03, 26.89
-1.04, 26.98
-1.69, 27.17
-2.24, 27.10
-2.12, 26.94
-1.44, 26.76
-1.26, 26.88
-1.30, 26.98
-1.23, 27.06
-1.30, 27.00
-1.34, 27.00
-1.27, 26.91
-1.32, 26.91
-1.31, 26.91
-1.30, 26.92
BE
BS, S:3665,
-1.32, 26.93
45.80, 27.66
45.05, 30.10
43.82, 32.47
43.60, 33.47
42.71, 33.82
41.74, 33.65
40.86, 34.01
39.74, 34.20
39.50, 34.31
38.68, 34.79
37.62, 34.75
36.19, 35.07
35.86, 35.23
35.25, 35.33
34.10, 35.50
33.11, 35.58
32.65, 35.82
32.10, 35.98
30.18, 36.15
29.68, 36.17
28.94, 36.32
27.83, 36.33
27.41, 36.40
26.42, 36.65
25.34, 36.75
24.54, 36.67
23.78, 36.67
23.11, 36.67
22.69, 36.91
20.79, 37.06
20.43, 37.16
19.92, 37.32
18.06, 37.28
17.63, 37.34
16.86, 37.36
16.03, 37.43
15.32, 37.43
14.06, 37.43
13.24, 37.21
12.69, 37.16
11.47, 37.09
10.93, 36.93
9.96, 36.92
9.09, 36.92
8.29, 36.84
7.51, 36.84
6.53, 36.84
5.84, 36.84
4.81, 36.84
-22.90, 36.77
-40.74, 35.43
-46.89, 32.48
-38.51, 29.91
-38.64, 29.69
-39.57, 29.26
-37.72, 29.34
-37.13, 28.93
-35.63, 29.01
-35.06, 28.80
-34.73, 28.71
-33.97, 28.55
-30.50, 28.42
-29.64, 28.39
-29.37, 28.38
-29.27, 28.21
-28.06, 28.24
-26.64, 28.11
-26.17, 28.02
-25.38, 27.99
-24.21, 27.95
-23.28, 27.94
-20.99, 27.79
-21.19, 27.78
-19.73, 27.74
-18.08, 27.63
-17.33, 27.52
-16.53, 27.57
-15.30, 27.61
-15.30, 27.54
-15.07, 27.54
-14.90, 27.53
-14.11, 27.44
-14.53, 27.45
-13.52, 27.42
-13.08, 27.40
-11.79, 27.22
-11.45, 27.29
-11.09, 27.44
-12.13, 27.46
-11.59, 27.23
-10.24, 27.25
-8.99, 27.14
-9.25, 27.15
-8.82, 27.22
-8.82, 27.16
-8.30, 27.21
-8.67, 27.20
-7.91, 27.19
-7.71, 27.20
-6.75, 27.11
-6.40, 27.09
-5.99, 27.08
-5.72, 27.01
-4.87, 26.97
-4.49, 26.97
-4.24, 26.97
-3.94, 26.96
-3.71, 26.96
-3.62, 26.95
-3.48, 26.88
-3.36, 26.88
-3.36, 27.03
-3.49, 27.19
-3.75, 27.22
-3.80, 27.07
-3.79, 26.96
-3.28, 26.79
-2.99, 26.86
-2.90, 26.94
-2.87, 27.00
-2.81, 26.88
-2.97, 26.87
-2.91, 26.87
-2.89, 26.85
-2.87, 26.84
-2.69, 26.84
-2.41, 26.70
-1.64, 26.67
-1.09, 26.75
-0.82, 26.67
-0.73, 26.73
-0.54, 26.73
-0.50, 26.75
-0.50, 26.90
-0.48, 26.85
-0.54, 26.92
-0.64, 26.91
-0.59, 26.90
-0.59, 26.90
-0.56, 26.83
-0.62, 26.96
-0.87, 27.07
-1.73, 27.17
-1.94, 27.08
-1.91, 26.71
-1.18, 26.81
-1.13, 26.90
-1.07, 26.92
-1.18, 27.00
BE
BS, S:3666,
-1.34, 27.07
45.98, 27.80
44.70, 30.33
45.00, 32.74
43.45, 33.75
42.38, 34.18
41.91, 34.01
41.15, 34.27
40.15, 34.38
39.02, 34.50
38.18, 34.74
38.13, 34.72
36.85, 35.05
35.82, 35.23
34.93, 35.34
34.24, 35.50
32.86, 35.65
32.81, 35.83
31.75, 35.89
30.86, 36.06
29.67, 36.18
29.16, 36.33
28.13, 36.42
27.44, 36.50
26.53, 36.52
25.50, 36.57
24.99, 36.67
24.36, 36.81
22.77, 37.00
22.05, 37.07
21.33, 37.16
21.01, 37.25
19.42, 37.26
18.88, 37.25
17.71, 37.27
16.87, 37.12
16.07, 37.09
15.41, 37.02
14.30, 37.00
13.11, 36.94
12.20, 37.00
11.81, 37.00
11.11, 37.00
9.82, 37.01
9.36, 37.01
8.31, 37.00
7.27, 36.86
6.60, 36.92
5.48, 36.91
4.93, 36.91
-23.86, 36.84
-39.67, 35.51
-49.12, 32.60
-40.31, 29.96
-39.84, 29.70
-38.00, 29.33
-38.46, 29.36
-37.77, 28.91
-36.92, 28.91
-35.56, 28.66
-33.57, 28.69
-32.69, 28.44
-31.29, 28.43
-29.92, 28.40
-29.32, 28.37
-29.21, 28.29
-27.76, 28.16
-26.47, 28.12
-27.41, 27.99
-25.56, 28.08
-24.29, 27.96
-23.04, 27.85
-21.83, 27.82
-21.21, 27.79
-19.70, 27.75
-18.81, 27.58
-17.63, 27.61
-18.03, 27.46
-16.05, 27.63
-15.11, 27.54
-14.36, 27.51
-14.32, 27.44
-13.71, 27.48
-14.07, 27.36
-13.26, 27.33
-12.68, 27.37
-11.44, 27.36
-12.14, 27.38
-11.19, 27.43
-11.45, 27.37
-10.84, 27.35
-10.93, 27.34
-9.99, 27.24
-10.13, 27.18
-9.15, 27.15
-8.85, 27.21
-8.84, 27.31
-9.38, 27.23
-7.98, 27.03
-6.71, 27.09
-6.29, 27.15
-5.82, 27.17
-6.25, 27.16
-6.35, 27.16
-5.92, 27.10
-5.87, 27.07
-5.56, 27.07
-5.08, 27.07
-5.52, 27.07
-5.00, 26.99
-4.37, 26.95
-3.83, 26.81
-3.42, 26.86
-3.00, 26.86
-2.53, 26.70
-2.30, 26.83
-1.97, 26.84
-1.79, 26.84
-1.79, 26.92
-1.78, 26.92
-1.78, 26.99
-1.76, 27.07
-1.83, 27.08
-1.78, 27.08
-1.88, 27.09
-1.91, 27.09
-1.91, 26.95
-1.91, 27.01
-1.89, 27.00
-1.93, 27.09
-2.17, 27.18
-2.80, 27.11
-2.86, 26.88
-2.65, 26.70
-2.38, 26.85
-2.32, 26.93
-2.41, 27.07
-2.57, 26.95
-2.54, 27.01
-2.46, 26.93
-2.50, 26.85
-2.51, 26.78
-2.48, 26.85
-2.51, 26.85
-2.36, 26.69
-1.63, 26.61
-0.86, 26.74
-0.70, 26.74
-0.48, 26.65
-0.03, 26.63
BE
BS, S:3667,
0.15, 26.64
46.14, 27.45
46.13, 30.00
44.14, 32.51
43.96, 33.60
43.21, 33.99
41.79, 33.78
40.75, 34.07
40.44, 34.26
38.80, 34.58
38.50, 35.02
37.54, 34.98
37.02, 35.22
36.51, 35.33
35.04, 35.48
34.33, 35.58
33.64, 35.73
32.31, 35.98
31.55, 36.08
30.62, 36.24
30.05, 36.34
28.75, 36.42
28.34, 36.42
27.60, 36.56
26.47, 36.44
26.09, 36.56
24.78, 36.57
23.59, 36.51
23.27, 36.57
21.90, 36.73
21.74, 36.66
19.90, 36.84
19.52, 36.92
18.73, 37.00
18.01, 37.16
17.07, 37.03
16.16, 37.09
15.19, 37.09
14.17, 37.16
13.64, 37.19
12.77, 37.34
11.78, 37.42
10.67, 37.28
10.15, 37.18
9.15, 37.18
8.46, 37.26
7.45, 37.34
6.52, 37.43
5.69, 37.43
4.92, 37.35
-26.76, 37.02
-41.95, 34.36
-49.93, 32.18
-40.22, 29.77
-39.43, 29.62
-38.54, 29.22
-38.85, 29.40
-37.48, 28.81
-35.67, 28.92
-34.97, 28.69
-32.36, 28.72
-32.27, 28.57
-30.81, 28.58
-30.05, 28.40
-29.11, 28.37
-29.13, 28.21
-27.24, 28.14
-26.18, 28.11
-24.78, 27.98
-24.99, 28.07
-24.21, 27.97
-23.77, 27.94
-21.96, 27.81
-21.26, 27.79
-19.85, 27.83
-21.08, 27.86
-20.19, 27.69
-18.19, 27.62
-17.14, 27.59
-16.40, 27.56
-15.60, 27.56
-15.72, 27.61
-15.10, 27.47
-14.29, 27.52
-15.10, 27.54
-13.80, 27.42
-12.84, 27.40
-12.51, 27.38
-11.76, 27.37
-11.13, 27.27
-10.34, 27.26
-9.04, 27.16
-8.71, 27.07
-7.91, 27.12
-7.55, 27.18
-6.91, 27.18
-6.55, 27.18
-6.23, 27.19
-6.85, 27.18
-6.45, 27.25
-6.55, 27.19
-6.20, 27.17
-5.71, 27.08
-5.53, 27.14
-5.72, 27.16
-5.55, 27.23
-5.31, 27.32
-5.24, 27.09
-4.87, 26.98
-4.22, 26.97
-4.21, 27.03
-4.12, 27.13
-4.14, 27.13
-4.37, 27.19
-4.24, 27.13
-4.19, 27.05
-4.06, 27.05
-4.10, 26.96
-3.88, 26.96
-3.65, 26.87
-2.96, 26.86
-2.56, 26.75
-2.23, 26.76
-1.60, 26.82
-1.17, 26.69
-1.00, 26.82
-0.95, 26.82
-1.02, 26.76
-0.99, 26.83
-0.97, 26.90
-0.99, 26.99
-0.96, 26.92
-1.00, 26.99
-1.15, 27.06
-1.27, 27.07
-1.29, 27.00
-1.43, 27.08
-1.46, 26.93
-1.45, 27.00
-1.38, 26.99
-1.45, 27.14
-1.91, 27.16
-2.30, 27.10
-2.08, 26.85
-1.41, 26.75
-1.33, 26.91
-1.41, 27.05
-1.46, 27.01
-1.53, 27.08
-1.43, 27.00
BE
BS, S:3668,
-1.43, 26.93
46.46, 27.67
45.16, 30.21
44.53, 32.67
43.54, 33.73
42.63, 34.04
41.25, 33.89
41.92, 34.17
40.41, 34.30
39.95, 34.45
38.49, 34.87
37.60, 34.74
36.80, 34.99
35.78, 35.23
35.08, 35.31
34.46, 35.48
33.04, 35.65
32.76, 35.83
31.68, 35.91
30.68, 36.15
30.18, 36.16
29.15, 36.32
28.08, 36.49
27.19, 36.50
26.48, 36.50
25.02, 36.66
24.85, 36.75
23.70, 36.90
23.18, 36.93
22.27, 36.92
21.23, 36.93
20.65, 37.01
19.69, 37.23
18.75, 37.33
17.83, 37.41
17.02, 37.51
16.28, 37.51
15.54, 37.51
14.87, 37.50
13.41, 37.58
12.72, 37.44
12.10, 37.36
10.95, 37.35
10.22, 37.26
9.10, 37.18
8.36, 37.03
7.58, 37.09
6.55, 37.10
5.81, 37.09
4.99, 37.10
-23.92, 37.00
-40.89, 35.59
-47.50, 31.53
-39.93, 29.69
-39.98, 29.21
-39.63, 29.28
-38.48, 29.46
-39.07, 29.02
-35.87, 28.94
-36.61, 28.74
-33.53, 28.76
-32.96, 28.52
-31.14, 28.52
-32.28, 28.49
-29.90, 28.39
-29.21, 28.29
-28.60, 28.18
-27.54, 28.15
-25.76, 28.01
-24.25, 28.03
-23.08, 27.93
-21.72, 27.88
-22.49, 27.82
-20.48, 27.84
-19.56, 27.81
-18.76, 27.65
-19.56, 27.74
-18.20, 27.69
-17.71, 27.61
-16.07, 27.55
-15.88, 27.56
-15.03, 27.46
-15.76, 27.64
-14.93, 27.62
-14.24, 27.36
-13.44, 27.34
-13.06, 27.32
-11.78, 27.37
-11.88, 27.29
-11.03, 27.36
-10.60, 27.35
-10.82, 27.28
-11.27, 27.29
-10.39, 27.25
-9.44, 27.24
-8.87, 27.22
-8.30, 27.06
-7.17, 27.03
-6.00, 27.08
-5.60, 27.07
-4.82, 26.96
-4.52, 26.97
-4.48, 26.98
-4.22, 26.97
-4.29, 27.05
-4.22, 27.13
-4.42, 27.22
-4.33, 27.16
-4.29, 27.20
-4.19, 27.12
-4.11, 27.03
-4.25, 26.97
-4.24, 26.97
-4.09, 27.05
-4.11, 27.21
-4.17, 27.21
-4.16, 26.98
-3.58, 26.87
-3.17, 26.88
-3.25, 27.03
-3.43, 27.18
-3.51, 27.17
-3.42, 27.11
-3.32, 27.03
-3.39, 26.97
-3.32, 26.88
-3.29, 26.88
-3.20, 26.80
-2.97, 26.78
-2.38, 26.77
-2.00, 26.76
-1.21, 26.75
-0.87, 26.73
-0.66, 26.75
-0.58, 26.73
-0.45, 26.72
-0.43, 26.83
-0.46, 26.98
-0.66, 26.99
-0.88, 26.92
-0.95, 26.99
-0.90, 26.92
-0.96, 26.91
-0.98, 26.91
-1.01, 26.81
-0.99, 26.97
-1.21, 27.16
-1.95, 27.18
-2.00, 26.94
-1.71, 26.69
BE
BS, S:3669,
-1.17, 26.81
45.42, 27.58
44.93, 30.22
44.62, 32.74
44.09, 33.82
43.10, 34.21
43.05, 34.04
41.01, 34.43
40.22, 34.48
39.99, 34.65
38.72, 34.99
37.89, 34.89
36.80, 35.16
36.00, 35.25
35.38, 35.32
34.09, 35.33
33.21, 35.48
32.74, 35.73
31.32, 35.82
31.28, 35.89
29.96, 36.08
29.14, 36.08
28.23, 36.25
27.35, 36.42
26.58, 36.50
25.60, 36.65
24.57, 36.68
23.97, 36.82
23.07, 36.91
21.83, 36.92
21.34, 37.00
20.00, 37.16
19.45, 37.24
18.95, 37.26
17.39, 37.18
17.03, 37.11
15.93, 37.26
15.23, 37.41
14.56, 37.49
13.63, 37.59
12.67, 37.59
11.81, 37.58
10.95, 37.45
10.00, 37.59
8.89, 37.58
8.12, 37.44
7.48, 37.28
6.60, 37.18
5.93, 37.02
4.78, 36.93
-22.93, 36.84
-40.30, 35.47
-47.07, 32.53
-38.86, 30.01
-39.45, 29.72
-39.75, 29.28
-38.53, 29.40
-38.03, 28.93
-36.12, 28.95
-34.28, 28.63
-34.05, 28.76
-34.16, 28.55
-31.68, 28.46
-31.30, 28.44
-30.08, 28.24
-28.00, 28.17
-29.08, 28.12
-26.85, 28.05
-26.19, 28.11
-25.43, 28.00
-25.19, 27.99
-22.95, 27.85
-23.09, 27.84
-20.65, 27.85
-20.60, 27.77
-19.55, 27.74
-20.55, 27.71
-19.31, 27.72
-18.99, 27.56
-17.54, 27.60
-17.04, 27.51
-15.99, 27.55
-15.48, 27.54
-14.27, 27.43
-12.95, 27.40
-11.62, 27.37
-12.05, 27.31
-10.90, 27.27
-10.43, 27.26
-9.63, 27.17
-9.31, 27.23
-9.35, 27.16
-9.71, 27.23
-9.14, 27.22
-8.74, 27.21
-8.85, 27.22
-8.61, 27.22
-8.62, 27.15
-7.98, 27.12
-7.52, 27.11
-6.51, 27.17
-6.56, 27.18
-6.20, 27.10
-6.27, 27.24
-6.30, 27.25
-6.31, 27.03
-5.37, 26.99
-4.98, 26.92
-4.78, 27.05
-4.63, 27.13
-4.65, 27.07
-4.83, 27.06
-4.70, 27.06
-4.71, 26.98
-4.38, 26.97
-4.18, 26.90
-3.97, 26.95
-3.95, 26.87
-3.51, 26.79
-2.77, 26.85
-2.55, 26.85
-2.38, 26.70
-1.65, 26.81
-1.34, 26.83
-1.17, 26.76
-1.11, 26.82
-1.18, 26.83
-1.27, 26.90
-1.20, 26.90
-1.19, 26.99
-1.21, 26.98
-1.21, 27.01
-1.40, 27.07
-1.55, 27.07
-1.50, 27.08
-1.54, 27.01
-1.44, 27.00
-1.49, 26.93
-1.53, 27.00
-1.77, 27.15
-2.26, 27.16
-2.31, 26.95
-2.02, 26.84
-1.47, 26.82
-1.51, 26.85
-1.52, 27.06
-1.53, 27.00
-1.52, 27.02
-1.61, 27.00
-1.60, 26.91
BE
BS, S:3670,
-1.62, 26.92
46.63, 27.66
45.39, 30.26
44.64, 32.73
43.35, 33.69
43.10, 33.99
42.07, 33.86
40.92, 34.15
39.85, 34.23
39.34, 34.43
38.84, 34.81
38.05, 34.89
36.57, 35.22
36.17, 35.33
34.78, 35.56
34.13, 35.66
34.00, 35.81
32.86, 35.91
31.98, 35.83
30.20, 36.15
30.05, 36.32
29.73, 36.49
28.51, 36.43
27.31, 36.49
26.38, 36.57
25.86, 36.73
24.56, 36.82
24.10, 36.92
22.81, 37.09
22.22, 37.24
20.66, 37.19
20.46, 37.18
19.77, 37.34
18.63, 37.34
17.90, 37.26
16.95, 37.32
16.21, 37.18
15.13, 37.18
14.43, 37.17
13.49, 37.18
12.81, 37.32
11.70, 37.34
11.09, 37.34
10.11, 37.31
9.48, 37.34
8.62, 37.32
7.51, 37.26
6.59, 37.26
5.79, 37.41
4.92, 37.43
-9.83, 37.35
-24.97, 36.43
-28.99, 34.71
-26.68, 33.58
-28.36, 33.44
-28.53, 32.80
-26.42, 32.82
-27.78, 32.46
-25.51, 32.48
-25.34, 32.25
-22.49, 32.16
-22.78, 32.03
-20.21, 32.02
-20.48, 31.86
-17.96, 31.72
-16.96, 31.60
-15.26, 31.63
-15.26, 31.56
-13.16, 31.51
-12.81, 31.50
-12.11, 31.48
-11.22, 31.47
-11.26, 31.46
-10.02, 31.43
-9.13, 31.33
-8.81, 31.32
-9.14, 31.41
-8.93, 31.41
-9.07, 31.18
-7.25, 31.21
-6.30, 31.19
-5.89, 31.18
-6.28, 31.18
-5.63, 31.18
-5.77, 31.24
-5.28, 31.19
-5.84, 31.11
-5.45, 31.09
-5.09, 31.09
-4.72, 31.08
-4.23, 30.99
-3.49, 30.97
-3.02, 30.88
-2.52, 30.87
-2.17, 30.86
-1.75, 30.86
-1.65, 30.93
-1.69, 30.93
-1.80, 30.93
-1.73, 30.92
-1.64, 30.86
-1.53, 30.85
-1.49, 30.92
-1.55, 31.10
-2.12, 31.20
-2.30, 31.04
-2.37, 30.89
-1.80, 30.84
-1.48, 30.84
-1.50, 30.87
-1.56, 31.02
-1.51, 31.10
-1.55, 31.09
-1.54, 31.02
-1.55, 30.95
-1.57, 30.95
-1.51, 30.87
-1.56, 30.92
-1.36, 30.77
-0.99, 30.75
-0.69, 30.74
-0.57, 30.75
-0.44, 30.68
-0.31, 30.68
-0.31, 30.73
-0.39, 30.75
-0.32, 30.83
-0.28, 30.83
-0.24, 30.74
-0.30, 30.83
-0.52, 31.05
-1.12, 31.10
-1.33, 31.02
-1.28, 30.79
-0.87, 30.74
-0.84, 30.75
-0.78, 30.84
-0.80, 31.00
-0.84, 30.94
-0.94, 31.00
-0.95, 30.93
-0.92, 30.85
-0.89, 30.92
-0.89, 30.93
-0.90, 30.77
-0.76, 30.68
-0.21, 30.58
0.17, 30.64
0.47, 30.65
0.68, 30.57
BE
BS, S:3671,
0.71, 30.56
45.46, 31.30
44.46, 33.74
44.12, 36.18
43.29, 37.22
42.27, 37.80
40.99, 37.73
40.31, 38.00
39.32, 38.30
39.38, 38.50
37.93, 38.97
36.97, 38.99
36.73, 39.47
34.81, 39.82
34.54, 39.92
34.05, 40.15
32.82, 40.27
31.63, 40.42
31.24, 40.49
30.47, 40.73
29.23, 41.00
28.21, 41.03
27.92, 41.11
26.91, 41.27
25.98, 41.44
25.32, 41.67
24.82, 41.86
23.59, 42.09
22.86, 42.18
21.90, 42.35
21.34, 42.42
20.05, 42.52
19.18, 42.53
18.25, 42.53
17.63, 42.45
16.92, 42.30
15.90, 42.13
15.07, 42.05
14.19, 42.03
13.22, 41.82
12.51, 41.86
11.65, 41.86
10.81, 41.84
9.96, 41.85
9.09, 41.79
8.17, 41.78
7.38, 41.69
6.59, 41.69
5.54, 41.70
4.81, 41.61
-29.45, 41.55
-42.88, 40.00
-49.45, 36.85
-40.21, 34.16
-40.69, 33.89
-40.46, 33.36
-38.59, 33.54
-37.80, 33.10
-36.55, 33.14
-35.11, 32.83
-33.97, 32.73
-32.76, 32.61
-30.44, 32.52
-29.95, 32.43
-29.49, 32.40
-27.58, 32.26
-26.51, 32.14
-26.64, 32.14
-23.96, 32.13
-22.82, 32.10
-22.24, 32.00
-21.32, 31.82
-21.43, 31.89
-18.82, 31.82
-17.81, 31.71
-16.32, 31.58
-15.69, 31.64
-14.07, 31.53
-14.16, 31.53
-13.00, 31.50
-12.80, 31.51
-12.50, 31.51
-12.67, 31.56
-11.42, 31.47
-10.52, 31.45
-9.76, 31.34
-10.10, 31.35
-8.97, 31.41
-8.98, 31.41
-9.05, 31.41
-8.64, 31.25
-7.71, 31.22
-7.39, 31.28
-6.59, 31.28
-6.28, 31.21
-6.38, 31.21
-6.15, 31.27
-6.31, 31.27
-6.63, 31.20
-5.82, 31.10
-5.29, 31.09
-5.29, 31.09
-4.54, 30.99
-3.77, 30.96
-3.49, 30.97
-3.03, 30.81
-2.63, 30.80
-2.22, 30.86
-1.96, 30.85
-1.90, 30.87
-1.88, 30.93
-1.94, 30.95
-2.00, 31.03
-1.99, 31.03
-1.88, 31.03
-1.86, 31.01
-1.93, 30.96
-1.88, 31.02
-1.88, 31.10
-1.93, 31.17
-2.05, 31.13
-2.08, 31.11
-2.01, 30.96
-2.04, 30.89
-1.97, 31.00
-2.07, 31.09
-2.26, 31.13
-2.60, 31.07
-2.61, 30.96
-2.30, 30.84
-1.89, 30.91
-1.98, 31.02
-1.84, 31.10
-1.97, 31.11
-1.97, 31.11
-2.04, 30.96
-1.98, 30.89
-1.98, 31.02
-1.94, 31.08
-2.02, 31.03
-1.90, 30.86
-1.57, 30.77
-1.07, 30.75
-0.65, 30.68
-0.44, 30.67
-0.05, 30.66
0.22, 30.59
0.24, 30.73
0.25, 30.67
0.25, 30.75
BE
BS, S:3672,
0.21, 30.82
46.17, 31.59
45.84, 34.10
44.63, 36.60
43.41, 37.65
42.34, 38.21
41.82, 38.06
41.44, 38.50
40.41, 38.73
39.05, 38.79
38.02, 39.25
37.38, 39.33
36.66, 39.82
36.49, 40.00
34.86, 40.10
33.91, 40.26
33.28, 40.49
32.66, 40.75
31.41, 40.92
30.76, 41.17
29.93, 41.41
28.87, 41.53
27.69, 41.69
27.10, 41.85
26.72, 42.02
25.22, 42.10
24.58, 42.03
23.91, 42.03
22.97, 41.97
22.07, 42.11
21.05, 42.26
20.47, 42.28
19.62, 42.44
18.65, 42.46
17.83, 42.60
17.29, 42.69
15.90, 42.62
15.47, 42.69
14.28, 42.70
13.31, 42.78
12.61, 42.87
11.80, 42.94
10.98, 42.94
10.01, 42.86
9.25, 42.79
8.15, 42.72
7.35, 42.87
6.59, 42.95
5.97, 43.02
4.94, 42.95
-33.82, 42.87
-49.03, 41.03
-54.68, 37.47
-44.26, 34.39
-43.42, 34.01
-40.60, 33.44
-38.73, 33.69
-40.32, 33.23
-38.16, 33.22
-36.39, 32.88
-34.16, 32.91
-33.87, 32.74
-32.03, 32.65
-31.93, 32.49
-29.62, 32.49
-27.89, 32.20
-26.80, 32.31
-27.13, 32.24
-25.94, 32.12
-25.45, 32.10
-22.80, 31.95
-22.16, 31.92
-21.56, 31.97
-22.03, 31.90
-20.05, 31.86
-19.48, 31.92
-18.53, 31.67
-17.74, 31.72
-17.09, 31.69
-17.17, 31.69
-14.66, 31.63
-13.73, 31.52
-12.98, 31.41
-11.10, 31.37
-10.76, 31.38
-10.35, 31.36
-9.61, 31.34
-8.90, 31.39
-9.05, 31.40
-8.94, 31.41
-9.43, 31.42
-8.97, 31.32
-8.67, 31.32
-7.84, 31.22
-7.11, 31.21
-6.53, 31.20
-6.80, 31.28
-6.35, 31.36
-6.52, 31.36
-6.17, 31.27
-6.26, 31.10
-5.11, 31.08
-5.04, 31.23
-4.83, 31.31
-5.24, 31.34
-5.23, 31.26
-5.12, 31.24
-5.01, 31.16
-4.94, 31.16
-4.95, 31.10
-4.94, 31.10
-4.22, 30.99
-3.48, 30.97
-2.94, 30.88
-2.58, 30.87
-2.03, 30.78
-1.39, 30.77
-1.25, 30.85
-1.18, 30.78
-1.27, 30.86
-1.25, 30.79
-1.13, 30.91
-1.16, 30.86
-1.27, 30.92
-1.25, 30.93
-1.28, 30.93
-1.25, 30.93
-1.22, 31.03
-1.42, 31.10
-1.57, 31.02
-1.52, 31.02
-1.54, 31.02
-1.59, 30.92
-1.61, 30.92
-1.52, 31.09
-2.03, 31.19
-2.27, 31.12
-2.13, 30.87
-1.42, 30.83
-1.28, 30.86
-1.34, 31.01
-1.39, 31.10
-1.59, 31.04
-1.57, 31.02
-1.52, 30.95
-1.51, 30.94
-1.56, 30.93
-1.52, 30.99
-1.56, 30.95
-1.49, 30.86
BE
BS, S:3673,
-1.22, 30.77
45.85, 31.49
44.99, 33.98
45.05, 36.41
44.53, 37.37
43.79, 37.89
42.88, 37.82
42.09, 38.29
41.12, 38.50
39.98, 38.75
38.94, 39.17
38.07, 39.24
37.18, 39.57
36.15, 39.82
35.52, 40.01
34.73, 40.33
33.74, 40.35
32.29, 40.59
32.21, 40.58
31.11, 40.83
30.43, 41.09
29.74, 41.18
28.52, 41.41
27.82, 41.51
26.80, 41.60
26.20, 41.68
24.66, 41.92
23.36, 42.09
23.20, 42.26
22.51, 42.51
21.44, 42.60
20.77, 42.77
19.83, 42.84
18.88, 42.85
17.84, 42.87
16.72, 42.86
16.07, 42.70
15.21, 42.75
14.16, 42.64
13.63, 42.55
13.07, 42.54
11.64, 42.60
10.71, 42.60
10.16, 42.61
9.27, 42.61
8.38, 42.54
7.46, 42.53
6.71, 42.52
5.71, 42.52
4.92, 42.45
-32.44, 42.38
-45.97, 40.70
-52.88, 37.31
-45.11, 34.36
-43.46, 33.98
-40.12, 33.55
-39.03, 33.71
-38.67, 33.27
-38.14, 33.36
-38.21, 32.95
-35.38, 32.93
-34.64, 32.76
-32.41, 32.74
-32.67, 32.61
-30.72, 32.45
-29.18, 32.40
-28.33, 32.36
-28.20, 32.28
-26.15, 32.21
-24.74, 32.16
-24.17, 32.14
-22.73, 32.02
-22.33, 31.92
-20.39, 31.86
-18.90, 31.83
-17.78, 31.71
-17.39, 31.62
-16.15, 31.58
-15.26, 31.64
-13.78, 31.60
-14.50, 31.53
-13.18, 31.50
-13.75, 31.52
-12.53, 31.42
-11.65, 31.41
-11.24, 31.47
-11.62, 31.47
-10.68, 31.38
-10.24, 31.36
-9.56, 31.33
-8.54, 31.32
-8.19, 31.24
-9.16, 31.42
-8.73, 31.34
-8.26, 31.16
-7.14, 31.20
-6.28, 31.25
-6.09, 31.27
-6.25, 31.27
-6.06, 31.19
-5.87, 31.27
-6.52, 31.20
-5.88, 31.19
-5.56, 31.17
-4.96, 31.16
-5.13, 31.09
-4.48, 30.99
-3.87, 30.91
-3.37, 30.97
-2.96, 30.88
-2.67, 30.87
-2.57, 30.80
-2.49, 30.94
-2.48, 30.95
-2.44, 30.95
-2.61, 30.96
-2.45, 30.95
-2.47, 30.80
-2.39, 30.86
-2.35, 30.94
-2.47, 31.04
-2.72, 31.14
-2.87, 31.11
-2.79, 30.96
-2.63, 30.79
-2.35, 30.86
-2.34, 30.86
-2.36, 30.96
-2.53, 31.09
-2.45, 31.11
-2.38, 31.04
-2.34, 30.95
-2.36, 30.80
-2.32, 30.80
-2.25, 30.77
-1.46, 30.77
-0.99, 30.76
-0.63, 30.69
-0.30, 30.66
0.07, 30.58
0.19, 30.58
0.23, 30.74
0.20, 30.82
0.15, 30.89
-0.03, 30.91
-0.18, 30.90
-0.27, 30.91
-0.45, 30.92
-0.46, 30.84
-0.33, 30.77
BE
BS, S:3674,
-0.44, 30.82
46.92, 31.61
46.26, 34.24
45.20, 36.82
44.24, 37.83
43.03, 38.20
42.41, 37.99
41.67, 38.45
41.03, 38.80
40.00, 39.08
38.95, 39.56
38.01, 39.64
37.27, 39.99
36.58, 40.17
35.59, 40.35
34.24, 40.45
33.68, 40.59
32.69, 40.75
31.78, 40.70
31.31, 40.92
30.10, 41.09
28.47, 41.11
28.65, 41.26
27.62, 41.50
26.52, 41.53
25.18, 41.68
25.17, 41.62
24.38, 41.83
23.38, 42.08
22.23, 42.20
21.68, 42.36
20.47, 42.45
19.46, 42.44
18.79, 42.52
17.94, 42.61
16.84, 42.78
15.96, 42.86
15.12, 43.01
14.45, 43.11
13.53, 43.19
12.53, 43.13
11.83, 42.97
11.03, 42.97
9.92, 42.95
9.27, 42.78
8.26, 42.78
7.53, 42.70
6.46, 42.70
5.68, 42.62
4.74, 42.53
-33.00, 42.45
-44.55, 40.70
-52.89, 37.27
-42.22, 34.35
-43.72, 34.12
-40.46, 33.73
-40.67, 33.81
-39.58, 33.19
-39.45, 33.26
-37.19, 32.97
-34.75, 32.85
-34.50, 32.84
-34.79, 32.76
-32.30, 32.59
-31.24, 32.46
-29.20, 32.31
-27.45, 32.26
-26.77, 32.23
-25.01, 32.10
-23.78, 32.06
-22.74, 32.02
-23.19, 32.02
-21.28, 31.96
-19.57, 31.85
-18.52, 31.81
-18.93, 31.83
-17.64, 31.71
-16.79, 31.59
-15.61, 31.73
-15.97, 31.65
-15.39, 31.72
-15.60, 31.66
-14.26, 31.54
-13.25, 31.42
-12.13, 31.46
-12.32, 31.50
-10.77, 31.45
-10.72, 31.46
-10.74, 31.45
-10.44, 31.45
-10.72, 31.37
-9.33, 31.34
-8.86, 31.19
-7.77, 31.22
-7.34, 31.21
-6.30, 31.19
-5.73, 31.17
-5.01, 31.03
-4.95, 31.08
-4.71, 31.09
-4.63, 31.07
-4.56, 31.07
-4.37, 30.99
-3.99, 30.99
-3.99, 31.05
-3.97, 31.23
-4.05, 31.31
-4.35, 31.25
-4.13, 31.00
-3.84, 30.98
-3.56, 31.05
-3.70, 31.06
-3.71, 31.14
-3.62, 31.21
-3.74, 31.08
-3.80, 31.06
-3.69, 30.98
-3.53, 30.98
-3.55, 30.91
-3.39, 30.90
-2.83, 30.80
-2.41, 30.78
-1.95, 30.84
-1.37, 30.75
-0.94, 30.75
-0.80, 30.74
-0.67, 30.75
-0.66, 30.82
-0.76, 30.84
-0.74, 30.84
-0.72, 30.84
-0.73, 30.84
-0.76, 30.91
-0.71, 30.84
-0.77, 30.76
-0.79, 30.85
-0.72, 30.90
-0.80, 30.92
-0.77, 30.99
-0.90, 31.01
-1.16, 31.08
-1.33, 31.01
-1.31, 31.01
-1.35, 31.02
-1.31, 30.94
-1.34, 30.85
-1.28, 30.93
-1.33, 31.02
-1.82, 31.04
-1.80, 30.86
BE
BS, S:3675,
-1.30, 30.69
46.29, 31.46
45.85, 34.14
44.86, 36.76
44.00, 37.85
43.20, 38.32
42.12, 38.22
41.79, 38.66
40.62, 38.86
39.86, 39.14
39.16, 39.48
38.00, 39.50
37.44, 39.83
36.40, 39.87
35.45, 40.01
34.06, 40.17
33.44, 40.25
32.88, 40.42
31.82, 40.59
31.22, 40.82
30.21, 40.92
29.31, 41.02
28.84, 41.26
27.72, 41.42
26.59, 41.51
25.93, 41.69
24.94, 41.86
23.83, 42.01
23.00, 42.18
21.37, 42.20
21.57, 42.26
20.69, 42.29
19.77, 42.43
19.32, 42.52
18.14, 42.70
17.18, 42.86
16.37, 42.79
15.52, 42.78
14.53, 42.86
13.78, 43.01
12.58, 43.11
11.65, 43.27
11.39, 43.34
10.02, 43.37
9.09, 43.30
8.21, 43.37
7.59, 43.29
6.69, 43.22
5.69, 43.06
4.86, 42.89
-33.97, 42.79
-46.37, 40.91
-54.94, 37.41
-43.34, 34.38
-43.04, 34.05
-40.58, 33.62
-41.69, 33.84
-39.54, 33.22
-37.68, 33.29
-37.08, 32.98
-34.45, 32.91
-33.88, 32.74
-32.28, 32.66
-32.09, 32.66
-31.07, 32.54
-30.09, 32.42
-27.85, 32.18
-26.51, 32.22
-25.57, 32.18
-25.88, 32.12
-23.99, 32.06
-22.95, 32.04
-23.31, 32.03
-22.06, 31.83
-20.92, 31.81
-18.85, 31.90
-19.23, 31.75
-17.59, 31.71
-16.20, 31.58
-14.52, 31.62
-15.11, 31.55
-13.68, 31.51
-12.66, 31.43
-12.29, 31.48
-12.03, 31.55
-11.40, 31.46
-10.77, 31.45
-10.01, 31.28
-9.39, 31.42
-9.69, 31.42
-9.28, 31.50
-9.28, 31.42
-9.15, 31.35
-9.63, 31.26
-7.93, 31.22
-6.80, 31.28
-6.80, 31.21
-7.12, 31.36
-6.90, 31.29
-6.49, 31.27
-6.92, 31.21
-5.97, 31.25
-5.94, 31.20
-5.32, 31.04
-5.12, 31.08
-4.46, 30.99
-3.88, 30.98
-3.54, 30.96
-3.03, 30.88
-2.71, 30.79
-2.62, 30.95
-2.60, 30.95
-2.58, 31.04
-2.63, 31.11
-2.62, 31.04
-2.65, 30.96
-2.55, 30.81
-2.57, 30.87
-2.58, 30.94
-2.56, 31.05
-3.27, 31.22
-3.39, 31.14
-3.28, 30.90
-2.64, 30.87
-2.48, 30.95
-2.48, 31.03
-2.54, 31.12
-2.67, 31.12
-2.52, 30.99
-2.54, 30.96
-2.61, 30.88
-2.56, 30.88
-2.58, 30.87
-2.41, 30.78
-1.87, 30.76
-1.22, 30.76
-0.86, 30.69
-0.57, 30.66
-0.05, 30.66
0.14, 30.65
0.17, 30.72
0.17, 30.82
0.17, 30.76
0.06, 30.84
0.15, 30.83
0.18, 30.83
0.15, 30.82
0.10, 30.75
0.14, 30.83
0.06, 30.84
BE
BS, S:3676,
-0.42, 30.99
47.01, 31.79
45.88, 34.35
45.05, 36.82
44.71, 37.80
43.41, 38.27
42.84, 38.08
41.32, 38.61
40.60, 38.87
38.78, 39.09
38.87, 39.40
37.68, 39.41
37.32, 39.82
35.66, 40.02
35.65, 40.33
35.01, 40.65
34.30, 40.84
32.57, 41.02
32.23, 41.18
30.87, 41.21
30.55, 41.37
29.34, 41.59
28.29, 41.68
27.36, 41.61
26.88, 41.83
26.05, 41.78
24.67, 41.78
24.61, 41.87
23.13, 42.01
22.76, 42.11
21.58, 42.26
20.55, 42.35
19.69, 42.43
18.77, 42.61
17.94, 42.55
17.05, 42.77
16.55, 42.77
15.51, 42.85
14.49, 42.72
13.84, 42.77
12.56, 42.87
12.00, 43.02
10.75, 43.18
10.10, 43.04
9.29, 43.03
8.48, 42.97
7.66, 43.08
6.78, 43.18
5.73, 43.20
4.93, 43.20
-36.03, 43.13
-48.43, 41.28
-58.44, 37.61
-44.79, 34.44
-43.50, 34.05
-40.34, 33.54
-41.77, 33.75
-39.82, 33.21
-36.81, 33.26
-36.70, 32.88
-35.16, 32.94
-34.28, 32.67
-32.70, 32.67
-31.31, 32.55
-30.35, 32.51
-30.42, 32.43
-27.58, 32.34
-26.48, 32.22
-25.13, 32.17
-24.83, 32.24
-24.19, 32.14
-22.91, 32.11
-22.63, 31.93
-22.21, 31.92
-19.54, 31.84
-19.31, 31.83
-18.80, 31.82
-18.49, 31.81
-18.54, 31.65
-16.47, 31.68
-15.54, 31.65
-14.79, 31.63
-15.04, 31.49
-13.71, 31.45
-12.50, 31.41
-10.76, 31.38
-11.15, 31.30
-9.87, 31.27
-8.73, 31.31
-8.46, 31.32
-8.32, 31.31
-8.30, 31.25
-7.99, 31.31
-7.58, 31.30
-7.43, 31.29
-7.18, 31.20
-6.05, 31.12
-6.08, 31.25
-5.98, 31.33
-6.04, 31.43
-5.94, 31.27
-5.75, 31.12
-5.37, 31.09
-4.81, 31.00
-4.70, 31.14
-4.73, 31.24
-4.92, 31.24
-4.80, 31.25
-4.76, 31.23
-4.73, 31.14
-4.69, 31.00
-4.44, 31.07
-4.06, 30.97
-3.43, 30.90
-2.85, 30.88
-2.56, 30.86
-2.06, 30.78
-1.55, 30.82
-1.43, 30.70
-1.44, 30.93
-1.43, 31.00
-1.48, 31.03
-1.50, 31.10
-1.47, 30.97
-1.50, 31.01
-1.49, 30.94
-1.57, 30.85
-1.52, 30.93
-1.59, 31.11
-2.33, 31.20
-2.93, 31.12
-2.88, 30.89
-2.50, 30.79
-2.34, 30.94
-2.49, 31.02
-2.44, 31.11
-2.62, 31.12
-2.61, 31.12
-2.59, 30.97
-2.56, 30.95
-2.53, 30.88
-2.61, 30.87
-2.50, 30.79
-1.87, 30.77
-1.05, 30.75
-0.77, 30.72
-0.48, 30.66
-0.09, 30.59
0.27, 30.65
0.39, 30.64
BE
BS, S:3677,
0.42, 30.72
46.44, 31.49
45.97, 34.04
45.34, 36.55
44.00, 37.60
44.12, 38.14
42.97, 38.03
41.42, 38.51
40.90, 38.65
40.80, 38.84
38.85, 39.23
37.92, 39.32
37.57, 39.80
36.53, 40.00
35.28, 40.25
34.50, 40.19
33.18, 40.34
32.99, 40.52
31.23, 40.82
31.27, 40.96
30.29, 41.25
29.26, 41.36
28.44, 41.59
28.03, 41.70
26.80, 41.85
26.19, 41.93
24.58, 42.03
24.06, 42.11
23.67, 42.05
22.58, 42.09
21.46, 42.05
20.70, 42.12
19.50, 42.19
18.80, 42.28
18.33, 42.36
16.90, 42.51
16.30, 42.53
15.33, 42.53
14.52, 42.62
13.65, 42.62
12.84, 42.70
11.96, 42.77
10.75, 42.72
10.10, 42.78
9.24, 42.85
8.35, 42.87
7.59, 42.85
6.65, 42.79
5.63, 42.71
4.95, 42.64
-34.57, 42.55
-47.82, 40.85
-55.16, 37.42
-45.41, 34.36
-44.55, 33.97
-41.52, 33.57
-40.35, 33.77
-41.57, 33.34
-39.09, 33.32
-37.97, 33.08
-37.69, 32.95
-36.97, 32.92
-33.93, 32.65
-32.97, 32.61
-32.37, 32.43
-29.80, 32.34
-27.45, 32.17
-26.22, 32.22
-26.43, 32.13
-24.57, 32.01
-22.80, 32.01
-21.68, 31.99
-21.28, 31.88
-20.21, 31.94
-18.08, 31.80
-18.73, 31.82
-17.78, 31.71
-17.48, 31.70
-16.27, 31.74
-15.97, 31.66
-15.04, 31.64
-14.91, 31.64
-14.28, 31.53
-13.48, 31.36
-13.27, 31.43
-11.77, 31.47
-11.59, 31.55
-11.39, 31.48
-11.61, 31.40
-10.23, 31.29
-8.98, 31.33
-8.46, 31.32
-9.14, 31.33
-8.49, 31.32
-8.16, 31.31
-8.68, 31.32
-7.86, 31.23
-7.15, 31.22
-6.46, 31.19
-6.44, 31.18
-5.87, 31.10
-4.85, 31.01
-4.40, 31.00
-4.18, 30.99
-3.80, 30.96
-3.27, 30.96
-3.27, 30.95
-3.12, 30.95
-3.19, 31.04
-3.11, 30.98
-3.24, 31.06
-3.33, 31.06
-3.18, 31.05
-3.07, 30.98
-3.05, 30.88
-2.96, 30.95
-2.89, 30.96
-2.93, 31.11
-3.10, 31.14
-3.53, 31.08
-3.41, 30.99
-3.10, 30.88
-2.71, 30.94
-2.79, 30.95
-2.69, 30.97
-2.73, 31.11
-2.87, 31.13
-2.74, 31.03
-2.82, 30.88
-2.73, 30.89
-2.78, 30.87
-2.56, 30.73
-2.14, 30.71
-1.29, 30.70
-1.04, 30.76
-0.63, 30.74
-0.46, 30.67
-0.09, 30.66
-0.01, 30.74
-0.01, 30.83
-0.01, 30.91
-0.39, 30.98
-0.58, 30.92
-0.66, 30.93
-0.72, 30.92
-0.77, 30.92
-0.69, 30.84
-0.68, 30.82
-0.77, 30.89
-0.97, 31.09
BE
BS, S:3678,
-1.54, 31.10
46.90, 31.83
45.90, 34.35
44.69, 36.75
44.18, 37.74
42.69, 38.25
42.50, 38.07
41.47, 38.58
40.48, 38.88
39.59, 39.10
38.79, 39.56
38.34, 39.60
36.97, 39.91
36.62, 39.86
35.89, 40.08
34.85, 40.27
34.19, 40.42
32.74, 40.59
32.11, 40.68
31.50, 40.92
29.81, 40.95
29.64, 41.10
28.37, 41.35
27.61, 41.36
26.80, 41.49
25.58, 41.67
24.99, 41.77
24.14, 42.09
23.47, 42.19
22.31, 42.18
21.44, 42.28
20.92, 42.28
20.02, 42.49
18.89, 42.59
17.95, 42.77
17.42, 42.93
16.06, 43.02
15.48, 43.02
14.69, 43.04
13.62, 43.04
12.86, 42.96
11.96, 42.95
11.05, 42.95
10.22, 42.87
8.96, 42.87
8.50, 42.79
7.54, 42.77
6.67, 42.70
5.69, 42.69
4.91, 42.62
-31.74, 42.52
-47.76, 40.79
-54.26, 37.38
-43.45, 34.41
-44.89, 34.02
-42.76, 33.47
-40.63, 33.73
-39.29, 33.26
-40.35, 33.32
-38.14, 33.01
-35.64, 32.97
-34.95, 32.78
-35.04, 32.77
-32.67, 32.52
-30.10, 32.42
-30.14, 32.42
-27.59, 32.25
-26.41, 32.21
-24.95, 32.08
-24.17, 32.14
-22.82, 32.02
-21.85, 31.99
-22.32, 31.92
-19.70, 31.92
-18.99, 31.83
-18.37, 31.81
-18.85, 31.74
-17.10, 31.68
-16.24, 31.59
-15.63, 31.65
-14.68, 31.63
-14.58, 31.62
-13.92, 31.54
-14.27, 31.54
-13.38, 31.51
-13.22, 31.51
-11.81, 31.48
-11.26, 31.46
-10.65, 31.30
-9.61, 31.34
-10.32, 31.44
-9.56, 31.50
-9.76, 31.43
-8.75, 31.24
-8.59, 31.24
-7.38, 31.29
-7.37, 31.37
-7.39, 31.38
-7.82, 31.38
-7.33, 31.30
-6.65, 31.21
-6.90, 31.14
-6.57, 31.19
-6.23, 31.27
-5.80, 31.18
-6.17, 31.10
-4.90, 31.08
-4.35, 30.99
-3.82, 30.91
-3.22, 30.88
-2.79, 30.88
-2.61, 30.87
-2.65, 30.87
-2.59, 30.93
-2.48, 30.95
-2.46, 30.95
-2.46, 31.02
-2.47, 30.96
-2.51, 31.04
-2.56, 31.03
-2.47, 31.11
-2.59, 31.11
-2.56, 31.12
-2.64, 31.04
-2.60, 31.03
-2.53, 30.95
-2.60, 30.89
-2.60, 31.04
-2.69, 31.19
-3.15, 31.15
-3.35, 30.98
-2.80, 30.73
-2.39, 30.86
-2.43, 30.95
-2.58, 31.04
-2.49, 31.12
-2.46, 31.03
-2.52, 30.97
-2.43, 30.88
-2.37, 30.87
-2.40, 30.85
-2.40, 30.87
-2.30, 30.70
-1.48, 30.77
-1.23, 30.76
-0.81, 30.68
-0.73, 30.69
-0.56, 30.60
-0.49, 30.74
-0.45, 30.83
BE
BS, S:3679,
-0.47, 30.83
46.48, 31.60
46.07, 34.12
45.17, 36.58
44.38, 37.56
42.63, 38.01
42.05, 37.94
41.50, 38.47
40.78, 38.78
39.74, 38.98
39.35, 39.34
38.30, 39.33
37.06, 39.66
36.39, 39.85
35.62, 40.14
34.83, 40.34
34.01, 40.58
32.78, 40.76
32.45, 40.84
31.10, 40.95
30.57, 41.01
29.67, 41.18
28.36, 41.28
27.71, 41.34
26.78, 41.36
25.83, 41.44
25.18, 41.52
23.92, 41.77
23.01, 41.86
22.78, 41.93
21.27, 42.11
20.48, 42.11
19.75, 42.10
18.95, 42.34
18.11, 42.38
17.00, 42.69
16.35, 42.70
15.23, 42.70
14.73, 42.61
13.59, 42.70
12.65, 42.85
11.86, 42.87
11.08, 43.10
10.30, 43.17
9.58, 43.19
8.33, 43.19
7.50, 43.12
6.64, 42.97
5.76, 42.81
4.98, 42.79
-47.42, 42.69
-62.62, 40.17
-72.44, 35.26
-54.58, 30.93
-51.49, 30.35
-48.35, 30.16
-49.43, 30.53
-48.82, 30.02
-47.86, 29.89
-48.47, 29.59
-44.42, 29.39
-43.23, 29.33
-41.04, 29.15
-40.58, 29.13
-39.66, 29.02
-38.51, 28.88
-38.69, 28.81
-36.56, 28.64
-34.90, 28.66
-33.76, 28.38
-34.24, 28.55
-32.89, 28.35
-32.05, 28.39
-31.62, 28.37
-30.57, 28.34
-29.17, 28.21
-28.26, 28.17
-29.09, 28.20
-26.32, 28.03
-24.69, 27.98
-23.27, 27.93
-23.18, 27.93
-22.58, 27.90
-20.33, 27.76
-21.48, 27.87
-19.53, 27.74
-19.69, 27.82
-19.23, 27.73
-19.57, 27.74
-18.81, 27.64
-17.54, 27.60
-17.29, 27.59
-17.19, 27.59
-16.03, 27.56
-15.02, 27.47
-16.07, 27.57
-14.76, 27.53
-14.61, 27.53
-14.13, 27.43
-14.22, 27.43
-13.20, 27.40
-12.53, 27.38
-13.18, 27.49
-12.49, 27.47
-11.90, 27.31
-10.66, 27.20
-10.98, 27.20
-9.99, 27.33
-9.92, 27.33
-9.89, 27.33
-10.81, 27.28
-10.11, 27.24
-9.16, 27.15
-9.50, 27.07
-8.47, 27.13
-8.32, 27.13
-7.32, 27.04
-7.28, 27.11
-6.23, 27.09
-5.32, 27.07
-5.30, 26.97
-4.76, 26.98
-4.36, 26.97
-4.25, 26.97
-4.36, 26.98
-4.31, 27.05
-4.35, 27.13
-4.15, 27.15
-4.37, 27.22
-4.25, 27.22
-4.20, 27.15
-4.24, 27.15
-4.19, 27.13
-4.20, 26.98
-4.11, 27.03
-4.18, 27.12
-4.14, 27.28
-4.24, 27.30
-4.50, 27.15
-4.27, 26.96
-4.01, 26.94
-3.99, 27.03
-3.94, 27.12
-3.89, 27.14
-3.85, 27.06
-3.82, 27.04
-3.91, 26.96
-3.87, 26.89
-3.68, 26.95
-3.74, 26.96
BE
BS, S:3680,
-3.52, 26.80
47.77, 27.56
46.79, 30.22
45.78, 32.77
44.74, 33.85
44.56, 34.19
42.73, 34.05
41.78, 34.43
41.21, 34.59
40.41, 34.83
39.57, 35.15
39.13, 35.22
37.89, 35.63
37.20, 35.75
35.69, 35.90
35.37, 35.84
34.45, 35.98
33.95, 36.15
32.58, 36.40
30.94, 36.50
30.88, 36.42
29.69, 36.48
29.23, 36.59
28.19, 36.82
27.27, 36.82
26.12, 37.00
25.51, 37.17
24.98, 37.23
23.51, 37.34
22.89, 37.34
21.96, 37.41
21.34, 37.43
20.24, 37.34
19.06, 37.26
18.33, 37.26
17.57, 37.32
16.74, 37.33
15.87, 37.26
14.80, 37.26
14.01, 37.26
13.08, 37.34
12.15, 37.34
11.38, 37.33
10.41, 37.34
9.32, 37.51
8.53, 37.59
7.80, 37.44
6.69, 37.34
6.09, 37.17
5.04, 37.09
-24.42, 37.03
-41.82, 35.69
-49.22, 32.69
-39.96, 30.05
-42.18, 29.81
-39.51, 29.36
-39.27, 29.54
-38.31, 29.06
-37.83, 29.01
-37.37, 28.79
-33.22, 28.67
-33.22, 28.61
-31.59, 28.61
-32.80, 28.51
-30.53, 28.26
-29.76, 28.31
-27.85, 28.16
-28.09, 28.17
-26.16, 28.03
-25.69, 28.01
-25.73, 28.08
-25.20, 28.07
-24.88, 28.07
-22.93, 27.92
-22.94, 27.92
-21.46, 27.79
-20.49, 27.86
-20.08, 27.76
-19.15, 27.81
-19.26, 27.73
-18.39, 27.71
-18.26, 27.61
-16.84, 27.58
-16.98, 27.66
-15.27, 27.47
-15.28, 27.46
-13.67, 27.35
-12.76, 27.38
-11.96, 27.37
-11.40, 27.30
-11.46, 27.27
-10.22, 27.25
-10.65, 27.19
-10.24, 27.33
-9.97, 27.25
-10.24, 27.34
-9.83, 27.18
-9.88, 27.25
-9.58, 27.24
-9.36, 27.15
-8.88, 27.13
-8.81, 27.21
-8.09, 27.21
-8.63, 27.38
-8.09, 27.21
-7.02, 27.10
-6.35, 27.09
-5.82, 27.15
-6.15, 27.12
-5.76, 27.15
-6.41, 27.24
-5.83, 27.17
-5.76, 27.09
-5.67, 27.01
-5.28, 27.07
-5.18, 27.06
-4.86, 26.98
-4.31, 26.97
-3.61, 26.87
-3.01, 26.85
-2.84, 26.85
-2.71, 26.84
-2.38, 26.76
-1.94, 26.84
-1.96, 26.91
-1.99, 27.01
-2.00, 27.02
-1.98, 27.01
-2.13, 26.93
-1.96, 26.94
-1.95, 27.00
-2.00, 27.00
-2.00, 26.99
-1.99, 27.09
-1.98, 27.18
-2.50, 27.18
-2.83, 27.04
-2.88, 27.10
-2.97, 27.11
-3.00, 27.11
-2.95, 27.09
-2.91, 27.11
-3.40, 27.20
-3.48, 27.12
-3.42, 26.87
-2.58, 26.76
-2.38, 26.85
-2.32, 26.99
-2.38, 27.08
-2.55, 26.95
BE
BS, S:3681,
-2.52, 27.02
46.39, 27.75
45.61, 30.30
45.23, 32.77
44.15, 33.74
43.41, 34.13
42.30, 33.98
42.20, 34.25
40.37, 34.34
39.91, 34.36
38.93, 34.78
37.90, 34.73
37.07, 34.91
36.47, 35.06
35.34, 35.16
34.71, 35.33
33.35, 35.50
32.81, 35.52
32.16, 35.73
31.30, 35.90
29.95, 36.00
29.30, 36.07
28.42, 36.15
27.43, 36.23
26.72, 36.25
26.05, 36.40
25.08, 36.42
24.08, 36.49
23.56, 36.57
22.84, 36.74
21.61, 36.68
20.48, 36.67
19.63, 36.74
18.78, 36.84
17.99, 36.94
17.16, 37.00
16.39, 37.01
15.46, 37.06
14.53, 37.01
13.73, 37.09
12.74, 37.00
11.96, 37.01
11.12, 36.93
10.16, 36.84
9.48, 36.76
8.60, 36.66
7.49, 36.59
6.77, 36.59
5.76, 36.59
5.01, 36.59
-22.65, 36.52
-38.35, 35.23
-47.59, 32.41
-38.49, 29.89
-38.98, 29.67
-38.78, 29.31
-38.58, 29.43
-38.09, 28.96
-35.16, 28.93
-36.38, 28.83
-34.10, 28.70
-32.84, 28.51
-30.42, 28.49
-30.86, 28.43
-29.54, 28.23
-28.62, 28.27
-29.30, 28.21
-26.24, 28.02
-25.91, 28.10
-25.47, 27.93
-24.78, 28.05
-23.35, 27.93
-21.57, 27.88
-21.42, 27.79
-19.21, 27.73
-18.95, 27.72
-18.03, 27.69
-17.69, 27.53
-16.20, 27.64
-16.65, 27.66
-15.55, 27.63
-15.55, 27.63
-15.44, 27.47
-14.71, 27.53
-14.29, 27.45
-13.21, 27.41
-13.86, 27.42
-12.16, 27.38
-12.18, 27.45
-12.73, 27.41
-12.00, 27.31
-11.38, 27.21
-10.22, 27.25
-10.48, 27.27
-9.88, 27.25
-9.59, 27.23
-9.82, 27.18
-9.04, 27.16
-9.02, 27.15
-8.67, 27.13
-7.91, 27.05
-7.07, 27.11
-6.31, 27.09
-5.66, 27.00
-4.79, 26.96
-4.80, 26.98
-4.47, 26.97
-4.06, 26.96
-4.06, 26.96
-4.08, 27.04
-4.00, 27.13
-4.03, 27.05
-4.07, 27.12
-3.93, 27.04
-3.91, 26.96
-3.83, 26.96
-3.89, 26.96
-3.90, 27.20
-3.95, 27.29
-4.03, 27.13
-3.93, 26.83
-3.33, 26.86
-3.10, 26.94
-3.21, 27.01
-3.16, 27.03
-3.30, 27.03
-3.32, 26.95
-3.06, 26.96
-3.28, 26.88
-3.23, 26.86
-3.09, 26.81
-2.99, 26.86
-2.59, 26.76
-1.93, 26.76
-1.15, 26.75
-0.96, 26.67
-0.70, 26.74
-0.59, 26.73
-0.62, 26.80
-0.71, 26.98
-0.84, 27.00
-1.04, 26.99
-1.17, 26.98
-1.08, 26.91
-1.07, 26.90
-1.10, 26.82
-1.22, 26.91
-1.26, 27.13
-1.92, 27.11
-2.12, 27.09
BE
BS, S:3682,
-1.97, 26.92
46.19, 27.65
44.84, 30.20
44.72, 32.70
43.98, 33.73
42.80, 34.16
42.10, 34.07
41.21, 34.43
40.88, 34.48
39.51, 34.68
38.74, 34.97
37.50, 34.81
37.42, 35.07
36.42, 35.08
35.81, 35.24
33.90, 35.33
33.40, 35.42
32.95, 35.55
31.55, 35.73
31.02, 35.75
30.14, 35.97
29.38, 35.92
28.13, 36.00
27.46, 36.09
26.46, 36.08
25.66, 36.25
25.05, 36.49
23.72, 36.51
23.01, 36.44
21.95, 36.50
21.28, 36.50
20.79, 36.64
19.72, 36.76
19.07, 36.89
18.24, 36.99
17.13, 37.01
15.91, 36.94
15.32, 36.93
14.12, 36.92
13.64, 36.85
12.71, 36.76
11.79, 36.74
11.00, 36.67
10.16, 36.67
9.47, 36.64
8.25, 36.54
7.48, 36.59
6.85, 36.52
5.92, 36.43
4.94, 36.43
-21.14, 36.37
-39.74, 35.14
-46.19, 32.35
-38.82, 29.96
-39.79, 29.64
-39.48, 29.16
-37.60, 29.28
-35.95, 28.91
-36.62, 28.99
-35.09, 28.71
-33.21, 28.69
-32.99, 28.45
-32.50, 28.49
-30.63, 28.41
-29.21, 28.21
-29.60, 28.22
-27.41, 28.05
-25.88, 27.94
-24.42, 27.88
-23.09, 27.93
-22.55, 27.83
-21.59, 27.88
-21.51, 27.81
-19.32, 27.74
-20.46, 27.70
-18.93, 27.80
-18.61, 27.71
-18.83, 27.64
-17.66, 27.60
-16.96, 27.59
-15.70, 27.63
-16.44, 27.57
-15.14, 27.47
-14.23, 27.51
-14.70, 27.52
-14.10, 27.44
-13.67, 27.35
-12.83, 27.39
-13.18, 27.41
-11.81, 27.38
-11.03, 27.43
-11.61, 27.46
-11.32, 27.36
-10.68, 27.11
-9.78, 27.15
-9.11, 27.22
-8.80, 27.22
-9.36, 27.22
-9.16, 27.22
-8.73, 27.14
-8.89, 27.14
-7.78, 27.12
-6.73, 27.18
-6.45, 27.17
-6.13, 27.17
-6.23, 27.02
-5.03, 27.06
-4.66, 26.96
-4.41, 26.96
-4.13, 26.95
-3.44, 26.86
-3.15, 26.86
-3.12, 26.92
-3.05, 26.93
-3.14, 26.93
-3.05, 27.03
-3.08, 27.02
-3.05, 27.03
-3.07, 27.02
-2.98, 27.02
-2.97, 27.04
-3.11, 27.03
-2.98, 27.04
-2.92, 27.03
-3.11, 27.01
-2.92, 26.87
-3.01, 26.94
-3.00, 26.96
-3.05, 27.19
-3.37, 27.13
-3.50, 26.89
-3.26, 26.78
-2.61, 26.83
-2.70, 26.92
-2.61, 27.00
-2.62, 27.02
-2.58, 26.95
-2.57, 26.94
-2.52, 26.85
-2.48, 26.70
-2.56, 26.85
-2.41, 26.85
-2.37, 26.78
-1.66, 26.75
-1.14, 26.69
-0.79, 26.72
-0.60, 26.73
-0.27, 26.65
-0.10, 26.72
-0.11, 26.81
BE
BS, S:3683,
-0.10, 26.88
46.28, 27.65
45.12, 30.19
44.18, 32.64
44.27, 33.57
42.12, 33.93
41.45, 33.83
41.13, 34.18
40.23, 34.36
39.24, 34.57
38.54, 34.76
37.94, 34.75
36.48, 35.07
35.62, 35.15
34.72, 35.38
34.50, 35.57
34.03, 35.64
32.47, 35.83
32.49, 35.90
30.86, 36.00
30.06, 35.99
29.16, 36.00
28.15, 36.07
27.52, 36.02
26.65, 36.00
25.81, 36.15
24.75, 36.09
23.82, 36.16
22.97, 36.24
22.19, 36.32
21.52, 36.39
20.57, 36.56
19.92, 36.58
18.80, 36.73
17.61, 36.68
16.99, 36.76
16.40, 36.74
15.34, 36.68
14.65, 36.66
13.58, 36.83
12.27, 36.84
11.84, 36.92
11.03, 36.85
10.14, 36.68
9.27, 36.69
8.32, 36.75
7.69, 36.91
6.54, 36.92
5.84, 36.92
4.97, 36.91
-23.33, 36.83
-40.47, 35.45
-46.87, 32.52
-38.43, 29.95
-39.61, 29.73
-38.72, 29.29
-37.59, 29.41
-37.55, 28.93
-35.10, 28.97
-34.53, 28.71
-32.33, 28.65
-32.22, 28.56
-30.07, 28.48
-30.85, 28.43
-29.28, 28.36
-27.26, 28.23
-27.31, 28.22
-26.93, 28.14
-25.98, 28.03
-24.84, 27.83
-23.10, 27.93
-22.25, 27.90
-21.71, 27.89
-21.53, 27.81
-19.78, 27.75
-20.76, 27.79
-18.79, 27.80
-18.12, 27.63
-17.89, 27.61
-16.60, 27.57
-15.77, 27.48
-14.58, 27.45
-14.14, 27.43
-13.32, 27.41
-12.81, 27.33
-12.69, 27.40
-11.86, 27.45
-12.40, 27.39
-11.34, 27.36
-10.88, 27.35
-11.06, 27.22
-10.22, 27.24
-9.54, 27.24
-9.54, 27.32
-9.85, 27.33
-9.86, 27.34
-9.49, 27.17
-8.70, 27.12
-7.61, 27.11
-7.56, 27.27
-7.09, 27.27
-6.64, 27.26
-7.39, 27.27
-6.63, 27.11
-6.61, 27.18
-6.43, 27.17
-5.89, 27.15
-5.83, 27.07
-5.13, 26.99
-4.46, 26.90
-3.91, 26.95
-3.79, 26.81
-3.26, 26.80
-2.83, 26.85
-2.78, 26.91
-2.74, 26.87
-2.77, 27.02
-2.74, 27.03
-2.72, 27.16
-2.87, 27.11
-2.97, 27.03
-2.88, 26.95
-2.91, 26.94
-2.95, 26.94
-2.90, 26.93
-2.89, 27.09
-3.11, 27.19
-3.39, 27.13
-3.39, 26.95
-2.88, 26.76
-2.60, 26.91
-2.65, 27.00
-2.68, 27.10
-2.79, 27.04
-2.77, 27.11
-2.76, 26.96
-2.84, 26.87
-2.69, 26.79
-2.80, 26.79
-2.75, 26.78
-2.14, 26.68
-1.31, 26.73
-0.96, 26.73
-0.74, 26.74
-0.51, 26.73
-0.16, 26.71
-0.02, 26.74
-0.14, 26.81
-0.09, 26.88
-0.08, 26.88
BE
BS, S:3684,
-0.13, 26.76
45.92, 27.53
45.93, 30.08
44.81, 32.59
43.51, 33.65
43.42, 34.03
41.94, 33.99
41.15, 34.34
40.20, 34.47
39.31, 34.62
38.22, 34.96
37.37, 34.89
37.20, 35.20
35.87, 35.40
35.07, 35.47
34.41, 35.58
33.23, 35.57
32.23, 35.65
30.86, 35.73
30.88, 35.82
29.69, 36.15
29.45, 36.25
28.43, 36.39
27.09, 36.44
26.50, 36.41
25.99, 36.50
24.80, 36.59
24.00, 36.51
23.04, 36.44
21.95, 36.44
21.14, 36.37
20.27, 36.42
19.58, 36.42
18.46, 36.50
17.93, 36.59
17.12, 36.60
15.80, 36.67
15.09, 36.67
14.33, 36.67
13.38, 36.66
13.10, 36.67
11.81, 36.69
10.91, 36.69
9.68, 36.74
9.28, 36.76
8.24, 36.84
7.52, 36.76
6.80, 36.68
5.77, 36.67
4.97, 36.67
-25.10, 36.61
-39.71, 35.36
-45.98, 32.48
-39.62, 29.90
-39.35, 29.68
-37.88, 29.35
-37.86, 29.39
-39.15, 29.06
-36.99, 29.04
-35.52, 28.81
-35.33, 28.75
-33.30, 28.60
-32.84, 28.50
-30.75, 28.43
-29.44, 28.37
-28.45, 28.18
-27.02, 28.13
-26.33, 28.03
-24.15, 27.88
-24.97, 27.98
-22.94, 27.92
-21.67, 27.88
-21.80, 27.81
-20.12, 27.83
-19.91, 27.83
-19.76, 27.83
-19.52, 27.74
-19.44, 27.73
-18.26, 27.70
-18.06, 27.61
-16.80, 27.57
-16.61, 27.56
-15.82, 27.63
-14.50, 27.53
-14.82, 27.53
-14.45, 27.35
-12.68, 27.30
-11.48, 27.36
-11.85, 27.39
-11.70, 27.44
-11.09, 27.37
-11.85, 27.30
-10.78, 27.35
-10.97, 27.29
-10.37, 27.25
-9.66, 27.16
-8.84, 27.08
-8.84, 27.12
-6.85, 27.01
-5.62, 27.07
-5.64, 27.06
-4.66, 26.92
-4.32, 26.96
-4.37, 27.04
-4.31, 27.13
-4.37, 27.14
-4.32, 27.22
-4.27, 27.21
-4.32, 27.14
-4.49, 27.06
-4.33, 27.05
-4.23, 27.03
-4.38, 27.05
-4.22, 27.28
-4.37, 27.22
-4.21, 27.05
-4.10, 26.88
-3.69, 26.96
-3.74, 27.04
-3.65, 27.12
-3.77, 27.06
-3.90, 27.12
-3.69, 26.97
-3.68, 26.96
-3.74, 26.95
-3.55, 26.95
-3.40, 26.87
-2.86, 26.78
-2.40, 26.76
-2.00, 26.75
-1.41, 26.75
-1.06, 26.74
-0.82, 26.75
-0.88, 26.82
-0.86, 26.90
-0.90, 27.06
-1.14, 27.01
-1.30, 26.94
-1.30, 27.00
-1.30, 26.92
-1.24, 26.90
-1.28, 26.90
-1.34, 26.99
-1.76, 27.16
-2.20, 27.10
-2.28, 26.95
-1.90, 26.76
-1.47, 26.88
-1.51, 26.92
-1.47, 27.01
BE
BS, S:3685,
-1.67, 27.09
45.83, 27.84
45.17, 30.38
44.56, 32.78
43.18, 33.78
43.37, 34.07
42.37, 33.91
41.16, 34.22
40.22, 34.20
39.62, 34.41
38.43, 34.65
37.92, 34.64
36.12, 34.84
35.70, 34.91
35.38, 35.07
33.78, 35.33
33.70, 35.40
32.75, 35.57
31.49, 35.67
30.67, 35.83
29.72, 35.99
29.51, 35.99
28.37, 36.00
27.33, 36.08
26.41, 36.15
25.37, 36.32
24.61, 36.35
23.86, 36.44
22.75, 36.44
21.90, 36.49
21.47, 36.58
20.32, 36.74
19.24, 36.75
18.52, 36.92
17.72, 37.07
16.84, 37.01
16.38, 37.07
15.34, 37.00
14.79, 37.00
13.48, 37.01
12.98, 36.91
11.86, 36.84
10.91, 36.69
10.25, 36.59
9.18, 36.52
8.50, 36.51
7.46, 36.58
6.72, 36.59
5.71, 36.58
4.94, 36.52
-22.49, 36.47
-37.92, 35.20
-47.06, 32.36
-38.69, 29.88
-39.24, 29.69
-37.74, 29.28
-38.95, 29.39
-37.08, 28.88
-36.28, 29.08
-35.84, 28.82
-33.83, 28.71
-33.58, 28.54
-31.87, 28.54
-29.79, 28.40
-30.55, 28.34
-29.90, 28.24
-27.75, 28.17
-27.11, 28.06
-25.65, 27.94
-25.49, 27.99
-23.76, 27.87
-22.34, 27.90
-21.41, 27.72
-21.28, 27.87
-19.41, 27.67
-18.00, 27.69
-18.81, 27.65
-17.68, 27.61
-16.73, 27.58
-16.57, 27.65
-15.55, 27.63
-16.35, 27.65
-15.12, 27.54
-14.38, 27.44
-13.87, 27.42
-13.61, 27.41
-12.73, 27.48
-12.71, 27.55
-13.52, 27.50
-12.22, 27.22
-10.64, 27.26
-10.67, 27.26
-9.61, 27.32
-10.31, 27.26
-9.65, 27.25
-9.34, 27.25
-10.13, 27.26
-9.67, 27.24
-8.76, 27.14
-7.98, 27.12
-7.82, 27.11
-6.60, 27.08
-5.64, 27.07
-5.07, 27.06
-4.41, 26.96
-4.26, 26.97
-4.05, 26.95
-4.01, 27.04
-3.98, 27.11
-4.27, 27.13
-4.14, 27.13
-3.96, 26.98
-3.88, 26.97
-3.88, 26.96
-3.93, 27.02
-3.96, 27.11
-3.86, 27.21
-4.02, 27.14
-3.84, 26.98
-3.58, 26.87
-3.38, 26.93
-3.23, 27.02
-3.38, 27.10
-3.25, 27.12
-3.28, 27.12
-3.33, 27.04
-3.24, 26.95
-3.23, 26.87
-3.08, 26.80
-2.98, 26.79
-2.63, 26.77
-2.14, 26.76
-1.37, 26.75
-1.10, 26.76
-1.09, 26.68
-1.03, 26.68
-0.93, 26.82
-1.03, 26.90
-1.01, 26.92
-1.02, 26.90
-0.96, 26.82
-1.02, 26.89
-0.98, 26.91
-1.27, 27.08
-1.79, 27.09
-1.69, 26.87
-1.75, 26.84
-1.35, 26.82
-1.29, 26.91
-1.33, 26.91
BE
BS, S:3686,
-1.29, 26.99
45.45, 27.75
44.38, 30.32
44.96, 32.79
43.36, 33.75
42.36, 34.09
42.22, 33.86
40.91, 34.12
40.25, 34.24
39.06, 34.41
38.50, 34.61
37.54, 34.56
37.28, 34.79
36.03, 35.06
34.71, 35.23
34.20, 35.40
32.82, 35.58
32.17, 35.58
31.51, 35.73
30.68, 35.83
30.15, 35.91
28.87, 35.91
28.19, 35.99
27.14, 36.29
26.13, 36.42
25.73, 36.33
24.86, 36.34
24.16, 36.41
22.90, 36.51
22.17, 36.74
21.03, 36.84
20.46, 36.92
19.80, 36.99
18.67, 36.94
17.75, 37.00
16.96, 37.01
15.81, 36.94
15.31, 36.92
14.11, 36.84
13.71, 36.76
12.49, 36.67
12.00, 36.58
10.89, 36.59
10.34, 36.52
9.11, 36.58
8.48, 36.59
7.44, 36.67
6.60, 36.59
5.77, 36.51
4.83, 36.50
-23.63, 36.44
-37.96, 35.16
-44.95, 32.34
-39.74, 29.94
-38.53, 29.73
-38.50, 29.29
-37.77, 29.42
-36.81, 28.97
-37.24, 29.03
-35.25, 28.72
-33.17, 28.75
-32.96, 28.60
-33.68, 28.54
-32.60, 28.42
-29.93, 28.31
-30.22, 28.17
-27.40, 28.14
-27.37, 28.14
-25.79, 28.09
-24.86, 28.06
-25.40, 28.00
-24.15, 28.04
-22.85, 27.92
-21.52, 27.88
-21.15, 27.87
-20.20, 27.84
-19.23, 27.66
-18.58, 27.64
-17.67, 27.60
-17.51, 27.53
-15.77, 27.56
-14.55, 27.45
-14.67, 27.52
-13.45, 27.41
-12.84, 27.32
-12.61, 27.40
-12.10, 27.46
-12.69, 27.41
-12.19, 27.38
-11.16, 27.36
-12.10, 27.38
-11.23, 27.35
-10.73, 27.20
-10.18, 27.18
-9.41, 27.31
-9.69, 27.26
-9.84, 27.41
-9.75, 27.26
-9.00, 27.14
-8.55, 27.13
-7.48, 27.18
-7.33, 27.20
-7.09, 27.19
-6.44, 27.19
-7.37, 27.18
-6.39, 27.16
-6.00, 27.01
-6.31, 27.09
-5.53, 27.08
-5.33, 27.00
-4.78, 26.97
-4.08, 26.88
-3.65, 26.87
-3.31, 26.79
-2.89, 26.85
-2.71, 26.79
-2.69, 26.92
-2.65, 26.93
-2.71, 26.95
-2.74, 27.02
-2.70, 26.94
-2.61, 26.95
-2.72, 27.10
-2.68, 27.10
-2.84, 27.17
-3.00, 27.10
-3.09, 27.04
-3.03, 27.03
-3.00, 27.02
-3.04, 26.94
-2.92, 26.94
-2.93, 27.09
-3.16, 27.19
-3.12, 27.05
-3.26, 26.87
-3.00, 26.86
-2.99, 26.99
-3.08, 27.11
-3.04, 27.19
-3.08, 27.04
-3.03, 26.95
-3.05, 26.79
-2.61, 26.77
-2.49, 26.85
-2.44, 26.85
-2.45, 26.75
-1.89, 26.74
-1.10, 26.81
-0.84, 26.73
-0.86, 26.74
BE
BS, S:3687,
-0.65, 26.66
46.62, 27.44
46.08, 30.01
44.26, 32.52
43.34, 33.62
42.68, 33.98
41.97, 33.72
40.87, 34.03
40.34, 34.15
39.30, 34.26
38.42, 34.59
37.82, 34.80
36.69, 35.14
35.85, 35.25
35.14, 35.33
34.04, 35.48
32.95, 35.56
32.60, 35.75
31.58, 35.90
31.05, 36.15
29.66, 36.10
28.49, 36.17
27.94, 36.17
27.28, 36.32
26.69, 36.34
25.63, 36.42
24.72, 36.34
24.00, 36.33
23.25, 36.34
22.69, 36.48
21.10, 36.51
20.39, 36.58
19.41, 36.67
18.61, 36.68
17.99, 36.81
16.91, 36.77
16.04, 36.69
15.35, 36.76
14.39, 36.82
13.46, 36.92
12.91, 37.06
11.73, 37.01
10.96, 36.94
10.03, 36.77
9.11, 36.90
8.42, 36.91
7.24, 36.99
6.49, 36.95
5.71, 36.87
4.89, 36.94
-24.14, 36.86
-39.34, 35.47
-46.89, 32.55
-38.79, 29.95
-38.59, 29.75
-40.11, 29.31
-37.38, 29.41
-36.22, 28.94
-36.84, 28.94
-34.71, 28.77
-33.34, 28.76
-33.21, 28.53
-31.91, 28.39
-30.30, 28.26
-29.49, 28.23
-28.13, 28.10
-27.70, 28.24
-27.35, 28.07
-27.20, 28.22
-25.40, 28.00
-24.96, 27.97
-22.72, 27.91
-22.41, 27.83
-21.58, 27.88
-20.89, 27.85
-20.97, 27.79
-19.72, 27.68
-18.86, 27.64
-19.48, 27.66
-18.06, 27.54
-16.93, 27.51
-15.99, 27.55
-14.54, 27.44
-13.70, 27.41
-13.10, 27.40
-12.37, 27.37
-11.63, 27.30
-11.80, 27.37
-11.93, 27.38
-11.30, 27.44
-11.19, 27.36
-10.43, 27.27
-10.81, 27.26
-9.87, 27.18
-9.37, 27.32
-10.15, 27.34
-9.49, 27.24
-9.55, 27.15
-8.17, 27.06
-6.91, 27.11
-7.54, 27.20
-6.86, 27.18
-6.51, 27.18
-6.76, 27.10
-6.48, 27.18
-6.64, 27.18
-6.13, 27.15
-5.57, 27.07
-5.19, 26.93
-4.78, 26.97
-3.98, 26.88
-3.65, 26.89
-3.63, 26.87
-3.28, 26.86
-2.85, 26.86
-2.79, 26.79
-2.77, 26.94
-2.78, 27.00
-2.73, 27.01
-2.73, 27.10
-2.89, 27.09
-2.75, 27.10
-2.88, 27.11
-2.86, 27.08
-2.82, 27.01
-2.81, 26.95
-2.80, 27.02
-2.80, 27.09
-2.93, 27.19
-3.53, 27.12
-3.42, 27.04
-3.14, 26.72
-2.75, 26.92
-2.66, 27.01
-2.81, 27.10
-2.78, 27.11
-2.74, 27.02
-2.89, 26.94
-2.76, 26.87
-2.81, 26.85
-2.71, 26.84
-2.71, 26.85
-2.50, 26.76
-1.91, 26.76
-1.17, 26.75
-0.94, 26.73
-0.63, 26.67
-0.27, 26.59
-0.02, 26.65
-0.03, 26.66
BE
BS, S:3688,
-0.12, 26.72
45.35, 27.49
45.23, 30.03
43.83, 32.53
43.76, 33.59
43.23, 33.97
41.47, 33.81
41.54, 34.19
40.44, 34.40
39.65, 34.59
38.77, 34.98
37.36, 34.98
36.47, 35.14
35.97, 35.17
34.85, 35.32
33.97, 35.50
33.49, 35.73
32.58, 35.81
32.01, 35.75
30.79, 35.84
30.32, 35.91
28.76, 36.08
28.28, 36.17
27.41, 36.39
26.69, 36.50
25.24, 36.51
24.73, 36.57
23.64, 36.64
23.27, 36.67
21.95, 36.74
21.55, 36.60
20.67, 36.66
19.59, 36.67
19.11, 36.59
18.11, 36.58
16.94, 36.45
16.42, 36.56
15.11, 36.67
14.31, 36.67
13.62, 36.76
12.63, 36.84
11.84, 36.84
10.82, 36.77
10.00, 36.83
9.15, 36.91
8.41, 36.83
7.69, 36.83
6.60, 36.81
5.93, 36.74
4.97, 36.69
-38.12, 36.64
-55.90, 34.76
-66.02, 30.44
-51.09, 26.62
-49.06, 26.20
-47.74, 26.01
-48.33, 26.21
-47.32, 25.75
-47.00, 25.71
-45.37, 25.44
-43.80, 25.35
-44.22, 25.27
-41.49, 25.07
-39.97, 24.84
-40.63, 24.95
-37.56, 24.67
-36.54, 24.62
-36.24, 24.52
-35.34, 24.41
-35.57, 24.49
-33.88, 24.43
-32.55, 24.38
-33.12, 24.25
-32.34, 24.29
-30.99, 24.33
-29.70, 24.21
-29.89, 24.20
-28.34, 24.08
-28.31, 24.16
-27.52, 23.97
-26.85, 24.02
-27.64, 24.05
-25.39, 23.89
-23.92, 23.93
-25.00, 23.97
-23.39, 23.92
-23.74, 23.92
-22.03, 23.79
-21.20, 23.68
-20.10, 23.81
-20.07, 23.73
-19.99, 23.73
-19.70, 23.73
-19.77, 23.73
-19.14, 23.57
-18.14, 23.60
-17.44, 23.50
-16.62, 23.47
-16.74, 23.41
-16.10, 23.45
-14.80, 23.36
-14.96, 23.34
-13.48, 23.24
-13.61, 23.31
-12.59, 23.28
-11.40, 23.34
-12.53, 23.45
-11.93, 23.43
-11.49, 23.43
-12.18, 23.36
-11.62, 23.36
-12.46, 23.37
-11.55, 23.20
-10.94, 23.24
-11.01, 23.17
-10.22, 23.32
-11.34, 23.36
-10.58, 23.25
-9.79, 23.14
-9.63, 23.14
-8.70, 23.12
-9.21, 23.20
-8.92, 23.20
-8.72, 23.20
-9.25, 23.12
-8.63, 23.05
-8.29, 23.11
-8.05, 23.02
-7.34, 23.09
-7.22, 23.02
-6.37, 22.99
-5.50, 22.97
-5.09, 22.96
-4.98, 22.95
-4.57, 22.94
-4.37, 22.94
-4.31, 23.01
-4.32, 23.03
-4.41, 22.96
-4.42, 23.10
-4.25, 23.05
-4.52, 23.11
-4.35, 23.17
-4.33, 23.20
-4.37, 23.19
-4.34, 23.06
-4.50, 23.12
-4.27, 23.05
-4.31, 23.03
-4.47, 23.02
BE
BS, S:3689,
-4.27, 23.03
46.52, 23.83
45.78, 26.66
45.18, 29.22
44.96, 30.17
43.62, 30.44
42.77, 30.29
41.81, 30.65
40.89, 30.78
40.19, 30.92
39.19, 31.30
38.16, 31.27
37.35, 31.46
36.44, 31.48
35.55, 31.57
35.28, 31.63
34.18, 31.63
33.09, 31.58
32.49, 31.50
31.36, 31.48
30.13, 31.48
29.39, 31.41
28.55, 31.63
28.00, 31.72
26.90, 31.81
26.56, 31.81
25.00, 31.97
23.95, 31.99
23.46, 31.98
22.68, 32.13
21.72, 32.09
20.52, 32.30
19.79, 32.17
18.95, 32.23
18.05, 32.23
17.42, 32.15
16.44, 32.30
15.43, 32.32
14.66, 32.39
13.81, 32.31
13.13, 32.09
12.20, 32.12
11.13, 32.15
10.47, 32.14
9.47, 32.22
8.56, 32.24
7.64, 32.16
6.58, 32.09
5.85, 32.07
4.92, 31.99
-18.34, 31.93
-35.13, 30.78
-44.34, 28.07
-37.08, 25.76
-35.82, 25.51
-36.81, 25.22
-36.55, 25.21
-36.56, 24.85
-35.11, 24.66
-33.82, 24.64
-34.71, 24.68
-32.84, 24.49
-32.81, 24.47
-31.91, 24.37
-30.25, 24.15
-30.06, 24.21
-28.25, 24.00
-27.20, 24.05
-26.33, 24.02
-26.36, 24.08
-26.63, 23.93
-25.47, 23.82
-22.65, 23.81
-23.07, 23.83
-21.80, 23.72
-22.09, 23.79
-21.29, 23.77
-19.71, 23.73
-20.17, 23.74
-18.96, 23.63
-18.43, 23.60
-17.86, 23.59
-17.32, 23.42
-16.98, 23.41
-15.86, 23.30
-14.47, 23.33
-13.60, 23.39
-13.66, 23.23
-13.62, 23.31
-13.29, 23.32
-12.90, 23.30
-12.47, 23.30
-12.48, 23.36
-12.01, 23.36
-12.14, 23.28
-11.21, 23.26
-11.21, 23.26
-10.96, 23.25
-10.65, 23.26
-10.46, 23.25
-10.48, 23.15
-9.30, 23.12
-8.78, 23.11
-8.24, 23.11
-8.05, 23.17
-8.33, 23.11
-8.22, 23.11
-8.17, 23.04
-7.58, 23.09
-7.08, 23.03
-7.08, 23.09
-6.27, 23.07
-5.78, 22.98
-5.23, 22.95
-4.39, 22.80
-4.32, 22.93
-3.96, 22.86
-3.74, 22.84
-3.54, 22.91
-3.45, 22.93
-3.47, 22.94
-3.44, 23.00
-3.46, 23.07
-3.49, 23.03
-3.51, 23.10
-3.61, 23.11
-3.81, 23.05
-3.71, 23.10
-3.83, 23.11
-3.79, 23.02
-3.66, 22.95
-3.76, 23.00
-3.75, 23.02
-3.74, 23.17
-3.84, 23.04
-3.81, 22.94
-3.61, 22.77
-3.14, 22.77
-3.07, 22.99
-3.08, 23.09
-3.21, 23.02
-3.30, 22.94
-3.26, 22.93
-3.16, 22.78
-3.05, 22.77
-3.26, 22.78
-3.09, 22.84
-3.11, 22.76
-2.86, 22.75
-2.27, 22.67
BE
BS, S:3690,
-1.67, 22.72
46.71, 23.53
46.15, 26.10
45.22, 28.54
43.50, 29.56
42.92, 29.89
42.43, 29.69
41.40, 30.08
40.43, 30.23
39.34, 30.41
38.65, 30.72
37.79, 30.73
36.71, 30.95
35.65, 30.91
35.29, 31.04
34.46, 31.22
33.27, 31.31
32.60, 31.25
32.11, 31.15
30.93, 31.14
29.61, 31.31
29.58, 31.45
28.14, 31.54
27.37, 31.57
26.61, 31.64
25.53, 31.72
24.67, 31.58
23.77, 31.72
23.45, 31.73
22.31, 31.58
21.36, 31.57
21.23, 31.55
19.67, 31.57
18.99, 31.50
17.77, 31.48
16.99, 31.48
16.04, 31.56
15.27, 31.56
14.55, 31.64
13.76, 31.65
12.70, 31.72
11.82, 31.64
11.23, 31.64
10.13, 31.65
9.17, 31.55
8.38, 31.48
7.57, 31.55
6.92, 31.63
5.91, 31.58
4.94, 31.57
-15.16, 31.46
-34.36, 30.33
-40.12, 27.82
-35.61, 25.82
-37.52, 25.53
-35.40, 25.09
-35.68, 25.12
-35.46, 24.79
-33.63, 24.69
-35.22, 24.60
-32.33, 24.52
-31.72, 24.37
-29.45, 24.28
-28.57, 24.16
-29.18, 24.19
-27.42, 23.97
-26.26, 24.01
-25.18, 23.81
-25.01, 23.89
-24.46, 23.94
-23.65, 23.93
-22.61, 23.89
-23.56, 23.84
-22.31, 23.80
-21.11, 23.69
-20.12, 23.74
-19.72, 23.79
-19.39, 23.71
-19.29, 23.57
-18.34, 23.60
-16.64, 23.48
-17.49, 23.56
-15.72, 23.45
-15.30, 23.51
-15.12, 23.52
-14.44, 23.35
-15.62, 23.38
-13.83, 23.24
-13.16, 23.37
-13.29, 23.24
-12.26, 23.20
-11.72, 23.12
-10.21, 23.15
-9.50, 23.14
-9.73, 23.14
-8.70, 23.12
-7.95, 23.10
-8.39, 23.11
-7.79, 23.10
-8.48, 23.17
-7.66, 23.11
-7.41, 23.17
-7.86, 23.19
-7.33, 23.16
-8.20, 23.19
-7.41, 23.11
-7.16, 23.09
-7.60, 23.02
-6.72, 23.07
-6.61, 23.06
-6.19, 22.99
-6.09, 23.14
-6.78, 23.16
-6.07, 22.97
-4.94, 22.87
-4.55, 22.95
-4.37, 23.03
-4.46, 23.05
-4.45, 23.03
-4.44, 23.03
-4.70, 23.04
-4.46, 22.87
-4.20, 22.86
-3.87, 22.93
-3.73, 22.87
-3.92, 22.87
-3.44, 22.76
-3.04, 22.74
-2.54, 22.75
-2.37, 22.69
-2.27, 22.67
-1.68, 22.80
-1.42, 22.80
-1.36, 22.73
-1.39, 22.88
-1.43, 22.88
-1.36, 22.91
-1.48, 22.90
-1.60, 23.00
-1.72, 22.98
-1.75, 22.91
-1.72, 22.99
-1.70, 22.98
-1.79, 22.92
-1.76, 22.90
-1.80, 23.05
-2.03, 23.15
-2.50, 23.10
-2.83, 22.79
-2.65, 22.74
BE
BS, S:3691,
-2.29, 22.74
45.90, 23.52
44.82, 26.24
44.62, 28.73
43.39, 29.84
42.64, 30.06
41.73, 29.84
40.31, 30.04
39.98, 30.05
39.78, 30.23
39.07, 30.47
37.48, 30.43
37.05, 30.61
36.17, 30.63
34.95, 30.71
34.00, 30.73
32.89, 30.79
32.22, 30.89
31.73, 30.97
30.62, 31.06
30.10, 31.16
29.12, 31.40
28.09, 31.46
27.11, 31.48
26.55, 31.41
25.09, 31.40
24.90, 31.54
24.11, 31.71
22.85, 31.66
21.67, 31.42
21.24, 31.48
19.79, 31.63
19.59, 31.64
18.53, 31.80
17.83, 31.82
17.03, 31.80
16.00, 31.83
15.23, 31.73
14.34, 31.73
13.47, 31.67
12.45, 31.57
11.65, 31.48
11.01, 31.39
10.15, 31.38
9.09, 31.30
8.54, 31.23
7.61, 31.23
6.54, 31.24
5.86, 31.31
4.91, 31.31
-15.45, 31.25
-32.97, 30.21
-40.53, 27.71
-35.02, 25.65
-35.17, 25.40
-37.07, 25.10
-35.60, 25.15
-35.97, 24.92
-33.66, 24.61
-33.92, 24.54
-33.10, 24.54
-31.64, 24.44
-30.05, 24.37
-30.87, 24.25
-29.22, 24.10
-27.53, 24.05
-27.55, 24.05
-25.49, 23.98
-26.25, 23.93
-23.91, 23.85
-22.19, 23.80
-22.60, 23.81
-20.83, 23.76
-21.13, 23.68
-19.88, 23.72
-18.33, 23.61
-19.29, 23.71
-17.99, 23.60
-18.02, 23.59
-18.18, 23.59
-17.34, 23.58
-18.00, 23.52
-16.80, 23.47
-15.12, 23.42
-15.68, 23.44
-14.12, 23.41
-14.25, 23.43
-14.47, 23.42
-13.09, 23.15
-13.08, 23.21
-11.92, 23.27
-11.11, 23.34
-11.27, 23.27
-11.24, 23.26
-11.11, 23.20
-10.98, 23.24
-10.49, 23.10
-9.48, 23.14
-9.94, 23.14
-8.83, 23.12
-8.19, 22.96
-8.03, 22.95
-6.55, 23.06
-6.48, 22.92
-5.56, 22.97
-5.26, 22.89
-5.10, 22.95
-4.95, 22.96
-4.82, 22.97
-4.80, 23.04
-4.79, 23.03
-4.99, 23.05
-4.79, 23.05
-4.82, 23.11
-4.88, 23.06
-4.79, 23.12
-4.87, 23.04
-4.84, 23.04
-4.84, 23.04
-4.77, 22.96
-4.79, 22.96
-4.65, 23.10
-4.70, 23.05
-4.57, 22.97
-4.22, 22.77
-3.52, 22.83
-3.37, 22.92
-3.33, 23.01
-3.49, 23.02
-3.37, 22.88
-3.36, 22.93
-3.32, 22.84
-3.32, 22.83
-3.14, 22.77
-3.03, 22.77
-3.06, 22.83
-2.64, 22.68
-2.26, 22.61
-1.52, 22.73
-1.23, 22.74
-1.00, 22.65
-0.91, 22.72
-0.63, 22.70
-0.60, 22.71
-0.67, 22.88
-0.61, 22.97
-1.03, 22.97
-1.16, 22.97
-1.26, 22.90
-1.34, 22.97
BE
BS, S:3692,
-1.30, 22.83
45.96, 23.59
45.03, 26.18
43.86, 28.76
43.80, 29.77
42.32, 29.98
42.13, 29.74
40.89, 30.00
40.64, 30.16
39.02, 30.26
37.71, 30.60
37.62, 30.64
36.88, 30.95
36.14, 30.91
34.98, 30.96
33.82, 31.06
33.49, 31.06
32.04, 31.14
30.98, 30.99
30.79, 30.98
30.06, 31.13
28.59, 31.13
28.12, 31.06
27.35, 31.20
25.90, 31.23
26.04, 31.30
24.49, 31.46
23.87, 31.48
22.92, 31.55
22.04, 31.57
21.37, 31.65
20.46, 31.57
19.73, 31.57
18.60, 31.65
17.87, 31.80
16.94, 31.81
16.05, 31.67
15.30, 31.58
14.42, 31.63
13.49, 31.63
12.95, 31.64
11.96, 31.73
11.09, 31.72
10.16, 31.67
9.06, 31.65
8.28, 31.58
7.43, 31.57
6.78, 31.47
5.84, 31.32
4.87, 31.24
-14.61, 31.16
-31.50, 30.10
-39.82, 27.65
-34.85, 25.72
-33.85, 25.41
-35.09, 25.08
-34.40, 25.09
-34.61, 24.82
-34.74, 24.71
-33.62, 24.52
-33.21, 24.35
-32.68, 24.48
-30.24, 24.22
-29.12, 24.19
-29.12, 24.02
-27.53, 24.13
-27.67, 24.05
-25.95, 23.92
-24.59, 23.87
-24.79, 23.95
-22.89, 23.90
-23.33, 23.91
-23.06, 23.75
-20.94, 23.69
-21.90, 23.80
-20.35, 23.74
-19.12, 23.71
-19.49, 23.70
-18.02, 23.52
-18.68, 23.53
-16.32, 23.47
-14.98, 23.42
-15.33, 23.30
-13.56, 23.31
-13.76, 23.31
-13.43, 23.24
-12.63, 23.21
-12.98, 23.38
-12.00, 23.36
-12.17, 23.43
-12.68, 23.44
-11.84, 23.36
-12.05, 23.35
-11.57, 23.27
-10.39, 23.24
-10.49, 23.16
-9.91, 23.15
-10.02, 23.23
-9.78, 23.16
-9.23, 23.06
-8.81, 22.97
-7.21, 23.01
-7.00, 23.09
-7.16, 23.17
-7.01, 23.15
-7.60, 23.18
-7.25, 23.08
-6.56, 23.07
-6.92, 22.93
-5.81, 23.06
-5.91, 22.97
-5.49, 22.89
-4.69, 22.80
-4.22, 22.86
-3.89, 22.85
-3.74, 22.85
-3.41, 22.85
-3.36, 22.84
-3.22, 22.84
-3.30, 23.00
-3.32, 23.01
-3.30, 23.09
-3.27, 23.08
-3.30, 23.01
-3.37, 22.86
-3.29, 22.92
-3.30, 22.86
-3.31, 23.08
-3.58, 23.11
-3.72, 23.02
-3.54, 22.79
-2.86, 22.75
-2.75, 22.90
-2.75, 23.00
-2.71, 23.00
-2.84, 23.00
-2.78, 23.00
-2.78, 22.92
-2.77, 22.85
-2.71, 22.77
-2.84, 22.83
-2.78, 22.75
-2.36, 22.65
-1.50, 22.71
-0.97, 22.72
-0.85, 22.72
-0.63, 22.72
-0.42, 22.70
-0.46, 22.71
-0.27, 22.78
BE
BS, S:3693,
-0.38, 22.79
45.76, 23.56
44.61, 26.14
43.15, 28.63
43.54, 29.65
42.49, 29.90
41.61, 29.74
41.18, 30.02
40.74, 30.21
38.97, 30.33
38.72, 30.62
37.55, 30.57
36.87, 30.87
35.56, 30.90
35.24, 31.04
34.04, 31.15
32.92, 31.06
32.22, 31.21
31.65, 31.30
30.44, 31.31
29.65, 31.38
28.91, 31.47
28.23, 31.55
27.12, 31.56
26.62, 31.50
25.68, 31.55
24.86, 31.55
23.65, 31.56
22.46, 31.57
22.30, 31.48
21.37, 31.55
20.09, 31.48
19.61, 31.40
18.93, 31.40
17.45, 31.40
16.92, 31.40
15.95, 31.56
15.17, 31.57
14.27, 31.64
13.48, 31.58
12.41, 31.65
11.48, 31.50
10.71, 31.57
10.03, 31.41
9.33, 31.55
8.31, 31.64
7.37, 31.65
6.47, 31.43
5.76, 31.32
4.91, 31.22
-15.09, 31.17
-33.59, 30.18
-40.34, 27.76
-35.82, 25.73
-34.94, 25.45
-36.79, 25.04
-37.29, 25.02
-35.52, 24.69
-33.59, 24.68
-33.16, 24.45
-30.84, 24.42
-32.03, 24.38
-29.32, 24.19
-28.26, 24.15
-28.86, 24.17
-26.78, 24.03
-26.09, 24.00
-25.60, 23.98
-24.71, 23.96
-25.31, 23.98
-23.42, 23.92
-22.29, 23.80
-23.16, 23.82
-21.14, 23.76
-20.99, 23.70
-20.34, 23.75
-19.60, 23.72
-19.08, 23.55
-18.23, 23.46
-17.53, 23.49
-16.60, 23.56
-16.30, 23.54
-16.39, 23.54
-15.92, 23.52
-14.72, 23.36
-14.59, 23.42
-13.92, 23.34
-14.49, 23.33
-13.09, 23.23
-11.95, 23.19
-11.51, 23.26
-10.74, 23.24
-9.87, 23.21
-9.85, 23.12
-8.77, 23.05
-8.86, 23.12
-8.29, 23.11
-8.25, 23.11
-8.48, 23.11
-8.62, 23.19
-8.27, 23.10
-8.37, 23.19
-8.03, 23.18
-7.55, 23.18
-8.25, 23.04
-7.47, 23.09
-6.84, 23.01
-6.97, 23.08
-6.11, 23.07
-6.66, 23.09
-6.23, 23.14
-6.00, 22.99
-5.84, 22.89
-4.41, 22.88
-4.42, 23.02
-4.46, 23.12
-4.40, 23.03
-4.54, 22.96
-4.38, 23.03
-4.46, 22.95
-4.39, 22.87
-3.88, 22.92
-3.88, 22.86
-3.84, 22.79
-3.58, 22.78
-2.93, 22.68
-2.61, 22.74
-2.44, 22.81
-2.35, 22.74
-1.91, 22.80
-1.46, 22.81
-1.35, 22.74
-1.34, 22.89
-1.35, 22.88
-1.47, 22.89
-1.44, 22.98
-1.47, 23.06
-1.66, 23.06
-1.72, 22.99
-1.78, 22.99
-1.67, 22.93
-1.66, 22.98
-1.81, 22.99
-1.73, 23.05
-1.92, 23.07
-2.40, 23.09
-2.53, 23.00
-2.65, 22.76
-2.29, 22.74
-1.90, 22.83
BE
